MIKF01000001.1	156425	156474	2	2	1	3	0	45
MIKF01000001.1	172067	172118	2	2	1	2	0	36
MIKF01000001.1	284809	284857	2	2	1	1	0	48
MIKF01000001.1	399711	399767	2	2	1	1	0	47
MIKF01000001.1	414668	414726	2	2	1	1	0	3
MIKF01000001.1	417100	417150	1	1	1	1	0	29
MIKF01000010.1	94220	94271	2	2	1	1	0	21
MIKF01000010.1	291365	291412	1	1	1	1	0	33
MIKF01000100.1	23687	23736	2	2	1	2	0	17
MIKF01000100.1	24177	24231	2	2	1	1	0	19
MIKF01000100.1	29154	29202	1	1	1	2	0	46
MIKF01000100.1	56618	56692	2	2	1	2	0	31
MIKF01000100.1	92256	92305	2	2	1	1	0	36
MIKF01000100.1	92356	92414	2	2	1	1	0	14
MIKF01000100.1	92621	92669	2	2	1	1	0	34
MIKF01000100.1	95278	95394	1	1	1	2	0	20
MIKF01000100.1	98101	98157	2	2	1	1	0	36
MIKF01000100.1	100063	100115	2	2	1	3	0	15
MIKF01000100.1	100131	100181	2	2	1	3	0	15
MIKF01000100.1	117960	118012	2	2	1	3	0	29
MIKF01000100.1	118062	118110	2	2	1	6	0	49
MIKF01000100.1	118185	118240	2	2	1	1	0	40
MIKF01000101.1	10991	11038	2	2	1	3	0	46
MIKF01000101.1	35260	35390	1	1	0	1	0	21
MIKF01000101.1	35462	35513	1	1	1	2	0	39
MIKF01000101.1	73450	73544	1	1	1	1	0	28
MIKF01000101.1	112587	112655	2	2	1	2	0	5
MIKF01000101.1	115984	116029	1	1	1	2	0	39
MIKF01001023.1	3375	3481	1	1	0	1	0	42
MIKF01000102.1	6931	6984	2	2	1	5	0	37
MIKF01000102.1	7789	7851	2	2	1	1	0	3
MIKF01000102.1	45137	45194	2	2	1	1	0	21
MIKF01000102.1	45287	45341	2	2	1	2	0	43
MIKF01000102.1	49679	49743	2	2	1	1	0	19
MIKF01000102.1	54613	54664	2	2	1	1	0	6
MIKF01000102.1	67839	67891	1	1	1	2	0	19
MIKF01000102.1	87701	87752	1	1	1	2	0	11
MIKF01000103.1	5847	5921	2	2	1	1	0	18
MIKF01000103.1	6012	6069	2	2	1	1	0	45
MIKF01000103.1	29092	29170	2	2	0	2	0	35
MIKF01000103.1	29095	29170	2	2	0	1	0	39
MIKF01000103.1	50298	50498	1	1	1	1	0	23
MIKF01000103.1	51080	51135	1	1	1	2	0	42
MIKF01000103.1	51270	51321	1	1	1	3	0	47
MIKF01000103.1	58100	58197	2	2	1	1	0	7
MIKF01000103.1	64098	64156	1	1	1	2	0	30
MIKF01000103.1	81732	81784	2	2	1	1	0	40
MIKF01000103.1	103821	103872	1	1	1	1	0	40
MIKF01000104.1	49730	49779	1	1	1	1	0	43
MIKF01000104.1	51351	51414	2	2	1	7	0	42
MIKF01000104.1	51728	51874	2	2	1	6	0	24
MIKF01000104.1	52185	52410	1	1	0	2	0	18
MIKF01000104.1	52594	52802	1	1	1	8	0	42
MIKF01000104.1	69572	69627	1	1	1	2	0	26
MIKF01000104.1	77192	77309	1	1	1	2	0	15
MIKF01000104.1	92447	92493	1	1	1	1	0	11
MIKF01000105.1	14991	15044	2	2	1	1	0	16
MIKF01000105.1	17991	18209	2	2	1	1	0	10
MIKF01000105.1	90570	90710	1	1	1	3	0	36
MIKF01000105.1	90899	90959	1	1	1	8	0	36
MIKF01000105.1	101657	101714	1	1	1	2	0	8
MIKF01000106.1	85559	85621	2	2	1	5	0	29
MIKF01000106.1	112644	112783	2	2	1	1	0	34
MIKF01000107.1	6959	7006	2	2	1	1	0	5
MIKF01000107.1	21896	21952	2	2	1	2	0	46
MIKF01000107.1	33218	33281	1	1	1	1	0	47
MIKF01000107.1	33342	33387	1	1	1	1	0	30
MIKF01000107.1	36037	36093	2	2	1	1	0	45
MIKF01000107.1	36199	36270	2	2	1	1	0	44
MIKF01000107.1	43667	43718	1	1	1	2	0	40
MIKF01000107.1	90791	90841	1	1	1	2	0	43
MIKF01000107.1	96103	96156	1	1	1	1	0	48
MIKF01000107.1	97724	97774	2	2	1	1	0	44
MIKF01000107.1	98098	98163	2	2	1	1	0	10
MIKF01000011.1	191184	191248	1	1	1	2	0	39
MIKF01000011.1	191799	191844	1	1	1	4	0	37
MIKF01000109.1	21230	21284	1	1	1	1	0	42
MIKF01000109.1	23007	23065	1	1	1	1	0	47
MIKF01000109.1	32912	33023	1	1	1	4	0	41
MIKF01000109.1	34303	34359	2	2	1	1	0	47
MIKF01000109.1	36238	36298	1	1	1	1	0	3
MIKF01000109.1	37088	37159	1	1	1	1	0	43
MIKF01000109.1	66897	66968	1	1	1	2	0	9
MIKF01000109.1	67039	67136	1	1	1	10	0	25
MIKF01000109.1	67221	67310	1	1	1	3	0	47
MIKF01000109.1	110824	110882	1	1	1	1	0	30
MIKF01000110.1	7934	8014	2	2	1	1	0	6
MIKF01000110.1	36488	36539	2	2	1	1	0	8
MIKF01000110.1	44763	44816	1	1	1	1	0	33
MIKF01000110.1	60558	60611	1	1	1	1	0	12
MIKF01000110.1	90021	90150	1	1	1	1	0	43
MIKF01000112.1	60788	60838	1	1	1	1	0	33
MIKF01000112.1	80617	80708	1	1	1	1	0	28
MIKF01000113.1	839	921	2	2	1	1	0	45
MIKF01000113.1	15095	15353	1	1	0	4	0	47
MIKF01000113.1	21448	21496	1	1	1	1	0	45
MIKF01000113.1	23948	24068	1	1	1	8	0	47
MIKF01000113.1	24140	24218	1	1	1	4	0	26
MIKF01000113.1	24822	24871	1	1	1	2	1	38
MIKF01000113.1	25717	25774	2	2	1	1	0	50
MIKF01000113.1	41862	41916	2	2	1	3	0	45
MIKF01000113.1	53807	54138	1	1	0	3	0	28
MIKF01000113.1	79239	79294	2	2	1	4	0	34
MIKF01000113.1	79329	79388	2	2	1	2	0	29
MIKF01000113.1	89097	89146	2	2	1	1	0	23
MIKF01000113.1	92893	92977	2	2	1	1	0	19
MIKF01000114.1	26477	26529	1	1	1	2	0	15
MIKF01000114.1	26605	26654	1	1	1	2	0	11
MIKF01000114.1	77025	77072	1	1	1	4	0	43
MIKF01000115.1	81912	81957	2	2	1	4	0	49
MIKF01000115.1	88177	88224	2	2	1	1	0	16
MIKF01000115.1	88759	88803	2	2	1	1	0	50
MIKF01000116.1	38546	38591	2	2	1	2	0	31
MIKF01000116.1	55905	55955	1	1	1	1	0	32
MIKF01000116.1	57328	57381	1	1	1	2	0	48
MIKF01000118.1	65588	65703	1	1	1	3	0	25
MIKF01000118.1	65926	71789	2	2	0	1	0	13
MIKF01000118.1	66127	66262	1	1	1	3	0	30
MIKF01000118.1	105370	105444	1	1	1	6	0	20
MIKF01000119.1	15161	15212	2	2	1	1	0	45
MIKF01000119.1	18086	18221	1	1	1	2	0	9
MIKF01000119.1	18323	18387	1	1	1	2	0	41
MIKF01000119.1	25650	26053	1	1	1	1	0	13
MIKF01000119.1	26195	26252	1	1	1	2	0	34
MIKF01000119.1	26507	26565	1	1	1	2	0	33
MIKF01000119.1	77495	77552	2	2	1	2	0	26
MIKF01000119.1	77633	77688	2	2	1	1	0	32
MIKF01000119.1	77744	77806	2	2	1	1	0	13
MIKF01000121.1	10825	10910	1	1	1	1	0	32
MIKF01000121.1	48231	48286	1	1	1	2	0	40
MIKF01000121.1	57577	57706	2	2	1	2	0	19
MIKF01000121.1	58480	58523	2	4	0	1	0	36
MIKF01000122.1	41264	41313	1	1	1	1	0	27
MIKF01000122.1	58218	58270	2	2	1	5	0	37
MIKF01000122.1	58914	58971	2	2	1	3	0	45
MIKF01000122.1	73216	73270	2	2	1	2	0	6
MIKF01000123.1	470	526	1	1	1	2	0	33
MIKF01000123.1	19907	19969	2	2	0	2	0	42
MIKF01000123.1	20053	20116	2	2	0	2	0	50
MIKF01000123.1	21648	21716	2	2	1	2	0	49
MIKF01000123.1	33104	33169	1	1	1	2	0	45
MIKF01000123.1	50628	50675	2	2	1	1	0	45
MIKF01000123.1	51008	51150	2	2	1	1	0	14
MIKF01000123.1	53338	53387	2	2	1	1	0	36
MIKF01000123.1	100857	100977	2	2	1	1	0	33
MIKF01000123.1	105091	105167	2	2	1	5	0	47
MIKF01000123.1	105650	105884	2	2	1	5	0	32
MIKF01000124.1	55057	55111	1	1	1	1	0	49
MIKF01000124.1	55170	55227	1	1	1	1	0	44
MIKF01000124.1	55362	55408	1	1	1	2	0	29
MIKF01000124.1	67802	67851	2	2	1	1	0	13
MIKF01000124.1	72950	73006	2	2	1	2	0	3
MIKF01000124.1	83952	84051	1	1	1	1	0	3
MIKF01000125.1	52183	52231	2	2	1	2	0	49
MIKF01000125.1	63065	63121	1	1	1	4	0	43
MIKF01000125.1	63798	63998	1	1	1	3	0	34
MIKF01000125.1	93928	94214	2	2	1	10	0	40
MIKF01000125.1	94307	94430	2	2	0	4	0	38
MIKF01000126.1	1576	1627	1	1	1	1	0	27
MIKF01000126.1	49695	49839	2	2	1	2	0	29
MIKF01000126.1	67748	67800	1	1	1	1	0	17
MIKF01000126.1	74001	74058	2	2	1	3	0	42
MIKF01000126.1	74307	74564	2	2	1	7	0	29
MIKF01000127.1	20414	20462	1	1	1	1	0	40
MIKF01000127.1	39648	39729	2	2	1	2	0	34
MIKF01000127.1	67471	67519	1	1	1	2	0	39
MIKF01000127.1	82853	82899	2	2	1	1	0	47
MIKF01000127.1	84036	84085	1	1	1	1	0	47
MIKF01000127.1	87950	88001	1	1	1	2	0	45
MIKF01000127.1	95758	95826	1	1	1	1	0	40
MIKF01000127.1	95877	95932	1	1	1	1	0	11
MIKF01000013.1	32001	32077	1	1	1	2	0	6
MIKF01000013.1	32109	32173	1	1	1	2	0	31
MIKF01000013.1	32218	32271	1	1	1	5	0	33
MIKF01000013.1	32331	32384	1	1	1	4	0	47
MIKF01000013.1	32496	32549	1	1	1	7	0	50
MIKF01000013.1	45916	45977	2	2	1	1	0	47
MIKF01000013.1	142907	142958	2	2	1	2	0	23
MIKF01000129.1	2251	2318	2	2	1	1	0	3
MIKF01000129.1	36151	36201	2	2	1	2	0	24
MIKF01000129.1	36484	36532	2	2	1	1	0	37
MIKF01000129.1	82603	82654	1	1	1	1	0	9
MIKF01000129.1	91238	91292	2	2	1	3	0	46
MIKF01000129.1	91357	91655	2	2	1	1	0	44
MIKF01000130.1	24902	24980	2	2	1	2	0	11
MIKF01000130.1	74344	74461	1	1	1	2	0	49
MIKF01000130.1	74574	74627	1	1	1	1	0	27
MIKF01000130.1	75734	75828	2	2	1	3	0	46
MIKF01000130.1	77760	77808	2	2	1	5	0	30
MIKF01000131.1	49732	49787	1	1	1	1	0	30
MIKF01000131.1	64280	64335	2	2	1	2	0	38
MIKF01000131.1	79254	79317	2	2	1	1	0	43
MIKF01000132.1	18681	19873	2	2	1	1	0	29
MIKF01000132.1	20177	20251	2	2	1	1	0	44
MIKF01000132.1	62468	62517	2	2	1	4	0	33
MIKF01000132.1	63715	63767	1	1	1	2	0	17
MIKF01000132.1	63796	63848	1	1	1	3	0	28
MIKF01000132.1	71219	71505	1	1	1	1	0	7
MIKF01000132.1	71553	71630	1	1	1	2	0	45
MIKF01000133.1	26875	27108	2	2	1	2	0	47
MIKF01000133.1	27595	27651	2	2	1	1	0	32
MIKF01000133.1	33666	33722	2	2	1	2	0	18
MIKF01000133.1	35800	35853	1	1	1	2	0	36
MIKF01000133.1	80023	80093	2	2	1	1	0	6
MIKF01000133.1	90049	90109	2	2	0	1	0	18
MIKF01000134.1	20025	20078	2	2	1	1	0	8
MIKF01000134.1	20994	21207	2	2	0	3	0	34
MIKF01000134.1	45944	45997	1	1	1	2	0	19
MIKF01000134.1	60949	61090	2	2	1	1	0	17
MIKF01000134.1	97711	97968	2	2	0	1	0	48
MIKF01000137.1	62126	62188	2	2	1	1	0	21
MIKF01000137.1	76236	76286	2	2	1	1	0	20
MIKF01000137.1	91657	91721	1	1	1	2	0	32
MIKF01000138.1	69911	69958	1	1	1	1	0	5
MIKF01000138.1	72428	72475	1	1	1	1	0	22
MIKF01000138.1	84054	84138	1	1	1	3	0	40
MIKF01000014.1	98268	98322	1	1	1	1	0	21
MIKF01000014.1	98388	98442	1	1	1	1	0	11
MIKF01000014.1	115279	115325	1	1	1	1	0	13
MIKF01000014.1	231383	231530	2	2	1	2	0	39
MIKF01000139.1	739	789	1	1	1	2	0	45
MIKF01000139.1	6825	6875	1	1	1	4	0	32
MIKF01000139.1	30452	30505	2	2	1	1	0	24
MIKF01000139.1	75662	75730	2	2	1	1	0	46
MIKF01000141.1	70811	70884	1	1	1	1	0	44
MIKF01000144.1	24518	24598	2	2	1	2	0	28
MIKF01000144.1	35727	35783	1	1	1	3	0	7
MIKF01000144.1	50573	50636	2	2	1	2	0	33
MIKF01000144.1	70459	70517	2	2	1	2	0	45
MIKF01000144.1	74375	74426	2	2	1	5	0	45
MIKF01000145.1	5112	5172	2	2	1	1	0	49
MIKF01000145.1	7163	7215	2	2	1	1	0	49
MIKF01000145.1	11069	11115	1	1	1	1	0	36
MIKF01000145.1	12962	13013	1	1	1	1	0	11
MIKF01000145.1	31040	31094	2	2	1	1	0	43
MIKF01000145.1	32630	32679	2	2	1	1	0	45
MIKF01000145.1	34772	34818	2	2	1	1	0	9
MIKF01000145.1	35261	35325	2	2	1	1	0	33
MIKF01000145.1	35380	35439	2	2	1	2	0	45
MIKF01000147.1	2149	2202	2	2	1	2	0	35
MIKF01000147.1	2238	2285	2	2	1	2	0	15
MIKF01000147.1	2301	2355	2	2	1	1	0	15
MIKF01000147.1	2402	2466	2	2	1	2	0	13
MIKF01000147.1	34946	35011	1	1	1	4	0	39
MIKF01000147.1	35216	35274	1	1	1	14	0	48
MIKF01000147.1	55198	55301	2	2	1	1	0	39
MIKF01000147.1	83499	83556	1	1	1	1	0	42
MIKF01000147.1	83684	83740	1	1	1	1	0	21
MIKF01000148.1	13196	13246	2	2	1	2	0	47
MIKF01000148.1	13746	13800	2	2	1	1	0	19
MIKF01000015.1	119072	119125	2	2	1	2	0	38
MIKF01000015.1	139228	139290	1	1	1	2	0	31
MIKF01000015.1	207471	207520	1	1	1	3	0	50
MIKF01000149.1	10595	10652	1	1	1	2	0	39
MIKF01000149.1	21473	21528	1	1	1	2	0	47
MIKF01000149.1	83860	83916	2	2	1	1	0	35
MIKF01000150.1	37832	37878	2	2	1	2	0	49
MIKF01000150.1	76399	76531	2	2	1	2	0	42
MIKF01000150.1	78215	78269	1	1	1	4	0	37
MIKF01000150.1	78429	78480	1	1	1	5	0	39
MIKF01000150.1	78429	78668	1	1	0	1	0	25
MIKF01000150.1	78429	78891	1	1	0	1	0	30
MIKF01000150.1	78619	78668	1	1	1	5	0	48
MIKF01000150.1	78843	78891	1	1	1	6	3	42
MIKF01000150.1	80956	81006	1	1	1	5	0	39
MIKF01000150.1	81327	81374	1	1	1	1	0	49
MIKF01000150.1	82272	82315	1	1	1	1	0	45
MIKF01000152.1	28326	28410	2	2	1	1	0	13
MIKF01000152.1	28424	28492	2	2	1	2	0	13
MIKF01000152.1	38519	38568	1	1	1	2	0	49
MIKF01000152.1	62438	62493	2	2	1	1	0	37
MIKF01000152.1	68311	68368	2	2	1	2	0	24
MIKF01000152.1	68677	68730	2	2	1	3	0	39
MIKF01000152.1	69431	69516	2	2	1	2	0	20
MIKF01000152.1	73769	73820	1	1	1	2	0	29
MIKF01000154.1	4902	4955	2	2	0	2	0	21
MIKF01000154.1	51613	51663	2	2	1	2	0	34
MIKF01000155.1	6532	6581	2	2	1	1	0	42
MIKF01000155.1	19958	20013	2	2	1	3	0	39
MIKF01000155.1	20687	20745	2	2	1	2	0	45
MIKF01000155.1	23939	23999	2	2	1	5	0	49
MIKF01000155.1	24194	24338	2	2	1	4	0	23
MIKF01000155.1	24404	24477	2	2	1	2	0	13
MIKF01000155.1	49047	49104	1	1	1	9	0	50
MIKF01000155.1	62526	62580	2	2	1	1	0	31
MIKF01000157.1	23863	23928	1	1	1	1	0	25
MIKF01000157.1	24972	25020	1	1	1	3	0	44
MIKF01000158.1	15231	15795	2	2	0	2	0	22
MIKF01000158.1	49235	49283	2	2	1	1	0	11
MIKF01000158.1	51512	51558	1	1	1	2	0	27
MIKF01000158.1	86613	86675	1	1	1	2	0	34
MIKF01000016.1	60433	60490	2	2	1	1	0	11
MIKF01000016.1	60756	60806	2	2	1	1	0	28
MIKF01000016.1	68270	68321	2	2	1	5	0	42
MIKF01000016.1	76325	76465	1	1	1	1	0	10
MIKF01000016.1	97362	97422	1	1	1	1	0	11
MIKF01000016.1	105123	105175	2	2	1	1	0	23
MIKF01000016.1	142232	142283	1	1	1	1	0	14
MIKF01000016.1	187738	187793	2	2	1	1	0	41
MIKF01000016.1	199941	200010	1	1	1	4	0	34
MIKF01000016.1	200097	200194	1	1	1	7	0	50
MIKF01000016.1	200352	200403	1	1	1	7	1	46
MIKF01000016.1	201078	201130	1	1	1	3	0	45
MIKF01000016.1	202177	202231	1	1	1	1	0	44
MIKF01000016.1	224103	224179	2	2	0	2	0	33
MIKF01000016.1	257600	257652	2	2	1	2	0	41
MIKF01000016.1	259793	259870	2	2	0	1	0	25
MIKF01000016.1	261774	261835	2	2	1	14	0	47
MIKF01000016.1	262249	262366	2	2	1	7	0	48
MIKF01000016.1	263986	264040	2	2	1	3	0	29
MIKF01000016.1	264105	264167	2	2	1	6	0	41
MIKF01000016.1	264281	264512	2	2	1	3	0	3
MIKF01000016.1	264993	265056	1	1	1	4	0	16
MIKF01000016.1	265073	265180	1	1	1	4	0	16
MIKF01000016.1	265244	265301	1	1	1	2	0	48
MIKF01000159.1	18613	18667	1	1	1	1	0	4
MIKF01000159.1	65880	65934	1	1	1	2	0	48
MIKF01000159.1	66737	66805	1	1	1	1	0	8
MIKF01000159.1	76955	77007	2	2	1	1	0	8
MIKF01000160.1	3458	3573	1	1	1	1	0	21
MIKF01000160.1	3595	3651	1	1	1	1	0	8
MIKF01000160.1	3660	3737	1	1	1	1	0	7
MIKF01000160.1	3947	4003	1	1	1	1	0	10
MIKF01000160.1	4124	4175	1	1	1	1	0	36
MIKF01000160.1	14998	15069	2	2	1	1	0	37
MIKF01000160.1	76085	76133	1	1	1	1	0	17
MIKF01000160.1	76284	76333	1	1	1	3	0	43
MIKF01000161.1	4307	4373	2	2	1	2	0	22
MIKF01000161.1	4469	4532	2	2	0	1	0	29
MIKF01000161.1	18120	18542	1	1	0	2	1	40
MIKF01000161.1	18891	18943	2	2	1	1	0	13
MIKF01000161.1	19004	19056	2	2	1	4	0	42
MIKF01000161.1	19099	19150	2	2	1	4	0	42
MIKF01000161.1	19205	19260	2	2	1	5	0	39
MIKF01000161.1	27093	27140	2	2	1	2	0	36
MIKF01000161.1	40323	40381	1	1	1	1	0	22
MIKF01000161.1	68141	68193	2	2	1	3	0	42
MIKF01000162.1	7518	7573	2	2	1	1	0	21
MIKF01000162.1	16171	16237	1	1	1	2	0	42
MIKF01000164.1	13372	13419	1	1	1	4	0	38
MIKF01000164.1	26627	26673	1	1	1	1	0	21
MIKF01000164.1	65096	65143	1	1	1	4	0	9
MIKF01000164.1	65153	65202	1	1	1	4	0	9
MIKF01000164.1	65268	65310	1	1	1	2	0	8
MIKF01000165.1	930	1006	1	1	1	2	0	31
MIKF01000165.1	62106	62156	2	2	1	2	0	15
MIKF01000165.1	64638	64696	1	1	1	1	0	42
MIKF01000165.1	64848	64939	1	1	1	1	0	14
MIKF01000165.1	66889	66941	1	1	1	1	0	4
MIKF01000165.1	77046	77102	2	2	1	1	0	48
MIKF01000167.1	14054	14119	2	2	1	1	0	17
MIKF01000167.1	14839	14919	1	1	1	2	0	47
MIKF01000167.1	41722	41895	1	1	1	7	0	30
MIKF01000167.1	41722	42010	1	1	0	1	0	37
MIKF01000167.1	42317	42386	1	1	1	10	0	47
MIKF01000167.1	52265	52416	1	1	1	2	0	38
MIKF01000167.1	52455	52523	1	1	1	4	0	36
MIKF01000167.1	52651	52740	1	1	1	3	0	44
MIKF01000167.1	53059	53266	1	1	1	6	0	49
MIKF01000167.1	59979	60031	2	2	1	11	0	46
MIKF01000167.1	60400	60472	2	2	1	3	0	17
MIKF01000167.1	60578	60743	2	2	1	1	0	33
MIKF01000167.1	61678	61727	2	2	1	1	0	25
MIKF01000167.1	62203	62260	2	2	1	1	0	10
MIKF01000167.1	64188	64238	2	2	1	1	0	30
MIKF01000167.1	64319	64379	2	2	1	1	0	35
MIKF01000167.1	70682	70733	2	2	1	1	0	25
MIKF01000017.1	21798	21847	2	2	1	2	0	8
MIKF01000017.1	22276	22333	2	2	1	1	0	36
MIKF01000017.1	26891	26939	1	1	1	1	0	41
MIKF01000017.1	107647	107923	1	1	1	4	0	28
MIKF01000017.1	107952	108104	1	1	1	3	0	28
MIKF01000017.1	108303	108381	1	1	1	2	0	26
MIKF01000017.1	108517	108615	1	1	1	2	0	41
MIKF01000169.1	7797	7866	1	1	0	6	0	36
MIKF01000169.1	8043	8205	1	1	1	5	0	49
MIKF01000169.1	8445	8514	1	1	1	6	0	35
MIKF01000169.1	11460	11520	2	2	1	1	0	42
MIKF01000170.1	31479	31590	2	2	1	5	0	30
MIKF01000170.1	31621	31691	2	4	1	4	0	31
MIKF01000170.1	44061	44122	1	1	1	1	0	13
MIKF01000170.1	44189	44246	1	1	1	2	0	33
MIKF01000170.1	64094	64143	2	2	1	1	0	33
MIKF01000171.1	2819	2901	2	2	1	1	0	44
MIKF01000171.1	2990	3162	2	2	1	2	0	30
MIKF01000171.1	11261	11397	1	1	1	12	0	44
MIKF01000171.1	11499	11687	1	1	1	3	0	44
MIKF01000171.1	11770	11828	1	1	1	4	0	34
MIKF01000171.1	15597	15675	1	1	1	1	0	33
MIKF01000171.1	26060	26300	1	1	1	3	0	40
MIKF01000171.1	26425	26477	1	1	1	8	0	45
MIKF01000171.1	66648	66744	1	1	1	2	0	38
MIKF01000171.1	68620	68671	2	2	1	1	0	28
MIKF01000171.1	75709	75763	2	2	1	3	0	43
MIKF01000171.1	75865	75928	2	2	1	4	0	46
MIKF01000171.1	76192	76285	2	2	1	4	0	10
MIKF01000171.1	80623	80671	1	1	1	1	0	12
MIKF01000171.1	80781	80855	1	1	1	1	0	9
MIKF01000172.1	936	987	1	1	1	2	0	42
MIKF01000172.1	28510	28555	1	1	1	1	0	17
MIKF01000173.1	14548	14622	2	2	1	1	0	40
MIKF01000173.1	15086	15166	2	2	1	2	0	35
MIKF01000173.1	54264	54339	1	1	1	1	0	10
MIKF01000173.1	57590	57640	1	1	1	1	0	33
MIKF01000173.1	77415	77478	2	2	1	1	0	48
MIKF01000173.1	77863	77922	2	2	1	1	0	28
MIKF01000173.1	78014	78066	2	2	1	1	0	33
MIKF01000173.1	84942	84994	2	2	1	1	0	18
MIKF01000175.1	30431	30491	2	2	1	1	0	7
MIKF01000175.1	40665	40784	1	1	0	3	0	34
MIKF01000175.1	40910	41057	1	1	1	2	0	48
MIKF01000175.1	41151	41208	1	1	1	1	0	42
MIKF01000175.1	41363	41419	1	1	1	3	0	25
MIKF01000175.1	41626	41696	1	1	1	4	0	49
MIKF01000175.1	44827	44914	1	1	1	2	0	43
MIKF01000175.1	75861	75914	2	2	1	1	0	25
MIKF01000175.1	75972	76140	2	2	1	1	0	42
MIKF01000175.1	76299	76518	2	2	1	3	0	37
MIKF01000175.1	78577	78635	2	2	1	5	0	45
MIKF01000175.1	78719	78784	2	2	1	2	0	40
MIKF01000175.1	82906	82957	2	2	1	1	0	20
MIKF01000177.1	81613	81661	2	2	1	4	0	49
MIKF01000178.1	22200	22442	1	1	1	2	0	47
MIKF01000178.1	30040	30148	2	2	0	1	0	16
MIKF01000178.1	30983	31208	1	1	0	1	0	29
MIKF01000178.1	32749	32807	1	1	1	1	0	3
MIKF01000178.1	52220	52362	1	1	1	2	0	44
MIKF01000018.1	35872	35923	2	2	1	1	0	37
MIKF01000018.1	42993	43048	2	2	1	1	0	17
MIKF01000179.1	1729	1785	2	2	1	1	0	35
MIKF01000179.1	4110	4158	2	2	1	2	0	15
MIKF01000179.1	29158	29218	2	2	1	1	0	17
MIKF01000179.1	48271	48320	2	2	1	2	0	33
MIKF01000179.1	55185	55231	1	1	1	1	0	48
MIKF01000179.1	74612	74668	2	2	1	1	0	27
MIKF01000180.1	33719	33842	1	1	1	1	0	24
MIKF01000180.1	56099	56187	1	1	1	1	0	49
MIKF01000180.1	56324	56383	1	1	1	3	0	42
MIKF01000180.1	57022	57073	1	1	1	3	0	22
MIKF01000182.1	29861	29909	1	1	1	2	0	26
MIKF01000182.1	39910	39978	1	1	1	1	0	31
MIKF01000182.1	60295	60343	1	1	1	2	0	18
MIKF01000182.1	78704	78754	1	1	1	2	0	37
MIKF01000183.1	29957	30026	2	2	1	1	0	28
MIKF01000183.1	30077	30178	2	2	1	1	0	21
MIKF01000183.1	37623	37672	2	2	1	3	0	35
MIKF01000183.1	59759	59808	1	1	1	3	0	28
MIKF01000183.1	72808	72862	1	1	1	2	0	33
MIKF01000184.1	24848	24927	2	2	1	2	0	23
MIKF01000184.1	28659	28709	1	1	1	1	0	37
MIKF01000184.1	79665	79713	1	1	1	1	0	17
MIKF01000187.1	71847	71896	1	1	1	2	0	14
MIKF01000188.1	30801	30864	2	2	1	12	0	47
MIKF01000188.1	30964	31043	2	2	1	11	0	50
MIKF01000188.1	31110	31164	2	2	1	7	0	22
MIKF01000188.1	31536	31597	1	1	1	6	0	40
MIKF01000188.1	31666	31723	1	1	1	4	0	26
MIKF01000188.1	31772	31879	1	1	1	4	0	29
MIKF01000188.1	50878	50944	1	1	1	2	0	24
MIKF01000188.1	50970	51088	1	1	1	1	0	25
MIKF01000188.1	51249	51298	1	1	1	3	0	8
MIKF01000188.1	51307	51444	1	1	1	2	0	8
MIKF01000188.1	53115	53162	1	1	1	1	0	49
MIKF01000019.1	22669	22742	2	2	0	1	0	18
MIKF01000019.1	40496	40550	2	2	1	3	0	35
MIKF01000019.1	40735	40821	2	2	1	18	0	48
MIKF01000019.1	40874	40962	2	2	1	20	0	49
MIKF01000019.1	41160	41285	2	2	0	3	0	15
MIKF01000019.1	73316	73367	2	2	0	8	0	46
MIKF01000019.1	84649	84695	1	1	1	1	0	11
MIKF01000019.1	161041	161094	2	2	1	1	0	12
MIKF01000019.1	170871	170955	1	1	1	4	0	39
MIKF01000019.1	171115	171216	1	1	1	6	0	48
MIKF01000019.1	188057	188120	1	1	1	1	0	5
MIKF01000019.1	188535	188588	1	1	1	1	0	25
MIKF01000019.1	201993	202044	1	1	1	2	0	26
MIKF01000189.1	29274	29323	1	1	1	1	0	48
MIKF01000189.1	30536	30656	2	2	1	12	0	46
MIKF01000189.1	30994	31206	2	2	1	8	0	40
MIKF01000189.1	38574	38621	2	2	1	4	0	35
MIKF01000189.1	48210	48258	1	1	1	3	0	46
MIKF01000189.1	73342	73397	1	1	1	1	0	16
MIKF01000189.1	73702	73753	1	1	1	1	0	15
MIKF01000190.1	10150	41556	2	2	0	0	1	15
MIKF01000190.1	11679	74422	2	2	0	0	2	12
MIKF01000190.1	41017	41199	1	1	0	2	0	26
MIKF01000190.1	41301	41450	1	1	1	11	0	44
MIKF01000190.1	42550	42607	2	2	1	2	0	47
MIKF01000190.1	42779	42833	2	2	1	1	0	40
MIKF01000190.1	44525	49798	2	2	0	0	1	12
MIKF01000190.1	49966	50029	2	2	1	5	0	49
MIKF01000190.1	50208	50281	2	2	1	14	0	35
MIKF01000190.1	63520	63573	2	2	0	3	0	35
MIKF01000190.1	63817	63869	2	2	1	1	0	20
MIKF01000190.1	69395	69444	1	1	1	1	0	21
MIKF01000190.1	71557	71610	2	2	1	3	0	44
MIKF01000190.1	71741	71795	2	2	1	3	0	9
MIKF01000190.1	73960	74019	1	1	1	2	0	17
MIKF01000190.1	74091	74152	1	1	1	7	0	28
MIKF01000190.1	74261	74361	1	3	1	5	0	47
MIKF01000190.1	74746	74801	1	1	1	9	0	46
MIKF01000190.1	74900	74955	1	1	1	9	0	48
MIKF01000191.1	4818	5031	1	1	1	1	0	22
MIKF01000191.1	5458	5505	1	1	1	1	0	9
MIKF01000191.1	11673	11726	2	2	1	4	0	42
MIKF01000191.1	11796	11853	2	2	1	2	0	15
MIKF01000191.1	40114	40305	2	2	1	2	0	30
MIKF01000193.1	9857	9946	1	1	1	1	0	35
MIKF01000193.1	36747	36806	1	1	1	4	0	44
MIKF01000193.1	38591	38648	1	1	1	1	0	37
MIKF01000193.1	66229	66361	1	1	1	2	0	18
MIKF01000193.1	67217	67269	1	1	1	1	0	28
MIKF01000194.1	12533	12587	1	1	1	2	0	47
MIKF01000194.1	66078	66128	2	2	1	2	0	9
MIKF01000194.1	66228	66281	2	2	1	2	0	21
MIKF01000194.1	75071	75138	1	1	1	2	0	23
MIKF01000195.1	4059	4108	1	1	1	1	0	43
MIKF01000195.1	49518	49770	2	2	1	3	0	45
MIKF01000195.1	49895	49979	2	2	1	7	0	50
MIKF01000195.1	68902	68953	2	2	1	6	0	39
MIKF01000195.1	69076	69165	2	2	1	10	0	41
MIKF01000195.1	69291	69413	2	2	1	11	0	40
MIKF01000195.1	69454	69511	2	2	1	6	0	37
MIKF01000195.1	69945	70017	1	1	1	1	0	16
MIKF01000195.1	70090	70231	1	1	1	1	0	42
MIKF01000195.1	77973	78072	2	2	1	1	0	35
MIKF01000195.1	78254	78431	2	2	1	1	0	15
MIKF01000196.1	61765	61826	1	1	1	1	0	29
MIKF01000196.1	61856	61950	1	1	1	1	0	23
MIKF01000196.1	72838	72890	1	1	0	2	0	48
MIKF01000196.1	73800	73846	1	3	1	1	0	18
MIKF01000198.1	11815	11871	2	2	1	2	0	49
MIKF01000198.1	24014	24063	2	2	1	2	0	24
MIKF01000198.1	62075	62591	1	1	1	10	0	19
MIKF01000198.1	62611	62733	1	1	1	8	0	19
MIKF01000002.1	110195	110247	1	1	1	1	0	43
MIKF01000002.1	166402	166471	1	1	1	1	0	31
MIKF01000002.1	188156	188210	1	1	1	1	0	10
MIKF01000002.1	188360	188412	1	1	1	1	0	26
MIKF01000002.1	267290	267345	1	1	1	4	0	34
MIKF01000002.1	267645	267706	1	1	1	3	0	44
MIKF01000200.1	68227	68279	2	2	1	2	0	16
MIKF01000200.1	68372	68427	2	2	1	2	0	47
MIKF01000201.1	20610	20724	1	1	1	1	0	27
MIKF01000201.1	51562	51652	1	1	1	1	0	37
MIKF01000201.1	54109	54160	2	2	1	2	0	46
MIKF01000201.1	54231	54289	2	2	1	4	0	27
MIKF01000201.1	54544	55057	2	2	1	1	0	6
MIKF01000204.1	16178	16230	2	2	1	3	0	36
MIKF01000204.1	20995	21099	2	2	1	1	0	33
MIKF01000204.1	38713	38777	2	2	1	2	0	37
MIKF01000204.1	39320	39486	2	2	1	1	0	8
MIKF01000204.1	49482	49537	1	1	1	1	0	35
MIKF01000204.1	56457	56509	1	1	1	2	0	43
MIKF01000204.1	61186	61253	2	2	1	4	0	44
MIKF01000204.1	61369	61500	2	2	1	6	0	48
MIKF01000205.1	24434	24536	1	1	0	6	0	40
MIKF01000205.1	24635	24775	0	0	0	5	0	42
MIKF01000205.1	24950	25028	1	1	1	1	0	17
MIKF01000205.1	27330	27505	1	1	1	9	0	50
MIKF01000205.1	27650	27755	1	1	1	6	0	41
MIKF01000205.1	28667	28716	2	2	1	15	0	40
MIKF01000205.1	28920	28977	2	2	1	5	0	48
MIKF01000205.1	42491	42548	2	2	1	1	0	38
MIKF01000205.1	50578	50686	2	2	1	3	0	23
MIKF01000205.1	50759	50931	2	2	1	3	0	26
MIKF01000205.1	50995	51074	2	2	1	3	0	18
MIKF01000205.1	71263	71317	1	1	1	1	0	25
MIKF01000205.1	74961	75010	1	1	1	4	0	25
MIKF01000206.1	16707	16773	2	2	1	2	0	42
MIKF01000206.1	44593	47584	2	2	0	2	0	12
MIKF01000206.1	44723	44769	2	2	0	45	0	50
MIKF01000206.1	44822	44966	2	2	0	81	0	50
MIKF01000206.1	53531	53580	1	1	1	2	0	49
MIKF01000207.1	835	885	2	2	1	1	0	34
MIKF01000207.1	23737	23785	1	1	1	3	0	46
MIKF01000207.1	48929	48979	2	2	1	1	0	49
MIKF01000208.1	12209	12270	1	1	1	1	0	28
MIKF01000208.1	66490	66594	1	1	1	3	0	40
MIKF01000208.1	68555	68607	1	1	1	2	0	32
MIKF01000208.1	70791	70846	2	2	1	1	0	45
MIKF01000208.1	70974	71030	2	2	1	1	0	43
MIKF01000208.1	71911	71968	1	1	1	2	0	20
MIKF01000208.1	72014	72082	1	1	1	4	0	36
MIKF01000021.1	7412	7465	1	1	1	4	0	23
MIKF01000021.1	55250	97926	1	3	0	0	1	13
MIKF01000021.1	63069	63133	2	2	1	1	0	26
MIKF01000021.1	67318	67370	2	2	1	2	0	37
MIKF01000021.1	139761	139805	1	1	1	2	0	17
MIKF01000021.1	139878	139926	1	3	1	7	0	41
MIKF01000209.1	332	764	1	1	1	1	0	24
MIKF01000209.1	906	958	1	1	1	4	0	38
MIKF01000209.1	2706	2780	2	2	1	1	0	35
MIKF01000209.1	71255	71300	1	1	1	1	0	15
MIKF01000210.1	38545	38591	1	1	1	1	0	19
MIKF01000211.1	57432	57480	1	1	1	1	0	19
MIKF01000212.1	2676	2753	1	1	1	1	0	38
MIKF01000214.1	4636	4924	1	1	1	2	0	39
MIKF01000214.1	4978	5035	1	1	1	2	0	39
MIKF01000214.1	5329	5382	1	1	1	7	0	46
MIKF01000214.1	11222	11271	2	2	1	1	0	19
MIKF01000214.1	11343	11401	2	2	1	2	0	40
MIKF01000214.1	11481	11545	2	2	1	2	0	21
MIKF01000214.1	56978	57086	2	2	1	1	0	30
MIKF01000214.1	67081	67309	2	2	1	2	0	26
MIKF01000215.1	50508	50558	1	1	1	4	0	36
MIKF01000216.1	2627	2680	2	2	1	1	0	48
MIKF01000216.1	3339	3393	2	2	1	1	0	22
MIKF01000216.1	24525	24575	2	2	1	1	0	32
MIKF01000216.1	66230	66282	2	2	1	1	0	19
MIKF01000217.1	20139	20191	1	1	1	7	0	41
MIKF01000217.1	20538	20592	1	1	1	2	0	46
MIKF01000217.1	39512	39567	2	2	1	3	0	40
MIKF01000217.1	54875	55010	2	2	1	1	0	26
MIKF01000218.1	27739	27789	1	1	1	2	0	45
MIKF01000218.1	28468	28513	2	2	1	1	0	5
MIKF01000218.1	57285	57333	1	1	1	1	0	46
MIKF01000022.1	31505	31612	1	1	1	1	0	34
MIKF01000022.1	31841	31928	1	1	1	2	0	34
MIKF01000022.1	41037	41094	1	1	1	2	0	17
MIKF01000022.1	83385	83435	1	1	1	1	0	21
MIKF01000022.1	153889	153937	1	1	1	1	0	48
MIKF01000022.1	210083	210141	1	1	1	2	0	3
MIKF01000022.1	228701	228763	1	1	1	1	0	40
MIKF01000022.1	234016	234082	1	1	1	1	0	29
MIKF01000219.1	62038	62087	1	1	1	1	0	21
MIKF01000220.1	4354	5188	1	1	1	2	0	37
MIKF01000220.1	17315	17667	1	1	0	1	0	37
MIKF01000220.1	17767	17959	1	1	1	2	0	35
MIKF01000220.1	19063	19188	1	1	0	2	0	35
MIKF01000220.1	19103	19188	1	1	0	1	0	14
MIKF01000220.1	53949	54003	1	1	1	1	0	33
MIKF01000221.1	8191	8415	2	2	1	2	0	45
MIKF01000221.1	37021	37095	2	2	1	4	0	9
MIKF01000221.1	41675	41766	2	2	1	2	0	35
MIKF01000221.1	48455	48539	1	1	1	1	0	18
MIKF01000221.1	50000	50052	1	1	1	2	0	50
MIKF01000221.1	63465	63524	2	2	1	1	0	40
MIKF01000221.1	67200	67411	2	2	1	2	0	43
MIKF01000222.1	71468	71514	2	2	1	1	0	42
MIKF01000223.1	384	430	1	1	1	2	0	33
MIKF01000223.1	17137	17186	1	1	1	1	0	49
MIKF01000225.1	25700	25948	2	2	1	1	0	12
MIKF01000226.1	24110	24165	2	2	1	3	0	43
MIKF01000227.1	4962	5015	2	2	1	5	0	31
MIKF01000227.1	5275	5327	2	2	1	5	0	45
MIKF01000227.1	5382	5485	2	2	1	6	0	48
MIKF01000227.1	5622	5834	2	2	1	4	0	42
MIKF01000227.1	14810	14929	1	1	0	1	0	39
MIKF01000227.1	21256	21304	1	1	1	2	0	48
MIKF01000227.1	21573	21619	1	1	1	4	0	22
MIKF01000227.1	35790	35847	1	1	1	2	0	32
MIKF01000227.1	70983	71033	1	1	1	1	0	46
MIKF01000227.1	71668	71714	1	1	1	2	0	27
MIKF01000228.1	11102	11148	2	2	1	1	0	12
MIKF01000228.1	18612	18670	1	1	1	1	0	19
MIKF01000228.1	32782	32832	2	2	1	1	0	34
MIKF01000228.1	33118	33459	2	2	1	2	0	23
MIKF01000228.1	45855	45904	1	1	1	1	0	10
MIKF01000228.1	45983	46029	1	1	1	1	0	21
MIKF01000023.1	37851	37904	2	2	1	4	0	4
MIKF01000023.1	61270	61330	2	4	1	1	0	39
MIKF01000023.1	114646	114718	1	1	1	1	0	8
MIKF01000023.1	120513	120579	1	1	1	1	0	36
MIKF01000023.1	224277	224335	1	1	1	4	0	38
MIKF01000229.1	2340	2399	1	1	1	1	0	44
MIKF01000229.1	42929	42980	1	1	1	1	0	33
MIKF01000230.1	5188	5241	2	2	1	1	0	34
MIKF01000230.1	10186	10235	2	2	1	1	0	50
MIKF01000230.1	10752	10803	2	2	1	1	0	18
MIKF01000230.1	11114	11189	2	2	1	1	0	42
MIKF01000230.1	18788	18835	1	1	1	1	0	31
MIKF01000230.1	32490	32545	2	2	1	1	0	35
MIKF01000231.1	8431	8490	2	2	1	1	0	36
MIKF01000231.1	13298	13357	2	2	1	1	0	27
MIKF01000231.1	21448	21509	1	1	1	2	0	45
MIKF01000232.1	67537	67592	1	1	1	1	0	47
MIKF01000232.1	67670	67857	1	1	1	1	0	47
MIKF01000232.1	70187	70265	1	1	0	1	0	15
MIKF01000232.1	70281	70446	1	1	1	1	0	15
MIKF01000232.1	70598	70662	1	1	1	1	0	18
MIKF01000232.1	70729	70792	1	1	1	1	0	16
MIKF01000233.1	10391	10545	1	1	1	1	0	28
MIKF01000233.1	10597	10650	1	1	1	1	0	18
MIKF01000235.1	10071	10119	2	2	1	1	0	43
MIKF01000235.1	13466	13520	2	2	1	2	0	25
MIKF01000235.1	17836	17899	1	1	1	2	0	13
MIKF01000235.1	21697	21754	2	2	1	2	0	42
MIKF01000235.1	21875	22038	2	2	1	6	0	39
MIKF01000235.1	24256	24307	2	2	1	2	0	44
MIKF01000235.1	31931	31983	1	1	1	1	0	20
MIKF01000235.1	32439	32488	1	1	1	2	0	43
MIKF01000235.1	44504	44581	1	1	1	1	0	4
MIKF01000235.1	44823	44893	1	1	1	1	0	27
MIKF01000235.1	57548	57609	1	1	1	1	0	16
MIKF01000236.1	33856	33943	1	1	1	2	0	50
MIKF01000238.1	1999	2195	1	1	0	1	0	12
MIKF01000238.1	34814	34861	1	1	1	1	0	39
MIKF01000238.1	36486	36555	2	2	1	1	0	5
MIKF01000238.1	36561	36618	2	2	1	1	0	5
MIKF01000024.1	7402	7479	2	2	1	2	0	34
MIKF01000024.1	62912	62956	1	1	1	2	0	42
MIKF01000024.1	76113	76162	2	2	1	2	0	40
MIKF01000024.1	76212	76264	2	2	1	1	0	11
MIKF01000024.1	101773	101829	1	1	1	1	0	13
MIKF01000024.1	103279	103332	1	1	1	1	0	20
MIKF01000024.1	117776	117825	1	1	1	1	0	16
MIKF01000024.1	121722	121797	1	1	1	4	0	33
MIKF01000024.1	122312	122364	2	2	1	2	0	17
MIKF01000024.1	122654	122702	2	2	1	2	0	12
MIKF01000024.1	137160	137257	1	1	1	2	0	44
MIKF01000024.1	137302	137430	1	1	1	2	0	6
MIKF01000024.1	137802	137854	1	1	1	1	0	44
MIKF01000024.1	137909	137961	1	1	1	1	0	3
MIKF01000024.1	172094	172144	2	2	1	4	0	41
MIKF01000024.1	191998	192051	2	2	1	3	0	42
MIKF01000024.1	192094	192249	2	2	1	3	0	21
MIKF01000024.1	192271	192326	2	2	1	4	0	21
MIKF01000024.1	192388	192473	2	2	1	2	0	30
MIKF01000024.1	192539	192591	2	2	1	3	0	21
MIKF01000024.1	205527	205582	2	2	1	2	0	25
MIKF01000239.1	6885	6938	1	1	1	1	0	45
MIKF01000239.1	11096	11161	1	1	1	1	0	24
MIKF01000239.1	11234	11303	1	1	1	2	0	45
MIKF01000239.1	12914	12968	2	2	1	8	0	40
MIKF01000239.1	13479	13536	2	2	1	7	0	41
MIKF01000239.1	13609	13891	2	2	1	4	0	8
MIKF01000239.1	15784	15838	2	2	0	1	0	39
MIKF01000240.1	9152	9218	2	4	1	2	0	29
MIKF01000240.1	9287	9347	2	2	1	1	0	20
MIKF01000240.1	53206	53257	2	2	1	2	0	44
MIKF01000241.1	61838	61888	2	2	1	1	0	29
MIKF01000244.1	6721	6775	1	1	1	2	0	6
MIKF01000244.1	9472	9522	2	2	1	1	0	42
MIKF01000245.1	28560	28606	1	1	1	1	0	35
MIKF01000246.1	7805	7855	1	1	1	1	0	28
MIKF01000246.1	17256	17316	1	1	1	1	0	16
MIKF01000246.1	21985	22032	2	2	1	2	0	21
MIKF01000246.1	40154	40206	1	1	1	1	0	12
MIKF01000246.1	56757	56815	1	1	1	7	0	44
MIKF01000246.1	56868	56920	1	1	1	12	0	49
MIKF01000246.1	57024	57090	1	1	1	7	0	46
MIKF01000246.1	58911	58969	1	1	1	2	0	39
MIKF01000025.1	129143	129190	2	2	1	1	0	7
MIKF01000249.1	63173	63333	2	2	1	2	0	41
MIKF01000250.1	4620	4668	1	1	1	2	0	33
MIKF01000250.1	14338	14430	1	1	1	1	0	41
MIKF01000250.1	29485	29532	1	1	1	1	0	20
MIKF01000250.1	37000	37072	2	2	1	3	0	39
MIKF01000250.1	37132	37323	2	2	1	1	0	17
MIKF01000250.1	42622	42754	1	1	1	2	0	39
MIKF01000250.1	42832	42943	1	1	1	3	0	26
MIKF01000250.1	43241	43292	1	1	1	23	0	48
MIKF01000250.1	46081	46188	2	2	1	5	0	47
MIKF01000250.1	62738	62912	1	1	1	2	0	46
MIKF01000250.1	63293	63345	1	1	1	2	0	43
MIKF01000251.1	46782	46834	2	2	1	1	0	4
MIKF01000251.1	46962	47013	2	2	1	1	0	38
MIKF01000251.1	47581	47635	2	2	1	1	0	32
MIKF01000252.1	5163	5210	1	1	1	1	0	43
MIKF01000252.1	32217	32266	2	2	1	4	0	27
MIKF01000252.1	33798	33848	2	2	1	1	0	35
MIKF01000252.1	33908	33988	2	2	1	3	0	36
MIKF01000252.1	35204	35259	2	2	1	3	0	49
MIKF01000252.1	35401	35493	2	2	1	2	0	49
MIKF01000252.1	36330	36385	2	2	1	2	0	21
MIKF01000252.1	37894	37947	1	1	1	1	0	25
MIKF01000252.1	38263	38311	1	1	1	6	0	22
MIKF01000252.1	45542	45688	2	2	1	2	0	34
MIKF01000252.1	46693	46743	1	1	1	3	0	6
MIKF01000252.1	46760	46818	1	1	1	3	0	16
MIKF01000252.1	58661	58715	1	1	1	3	0	36
MIKF01000252.1	61260	61310	2	2	1	1	0	10
MIKF01000252.1	64549	64629	2	2	1	1	0	43
MIKF01000252.1	65070	65127	2	2	0	1	0	15
MIKF01000252.1	65208	65319	2	2	1	1	0	6
MIKF01000253.1	39556	39614	2	2	1	2	0	17
MIKF01000253.1	44669	44717	1	1	1	1	0	37
MIKF01000253.1	55316	55367	1	1	1	1	0	18
MIKF01000254.1	4266	4321	1	1	1	3	0	45
MIKF01000254.1	5312	5370	2	2	1	1	0	22
MIKF01000254.1	6298	6347	2	2	1	2	0	45
MIKF01000254.1	6526	6739	2	2	1	2	0	26
MIKF01000254.1	6766	6913	2	2	1	1	0	26
MIKF01000254.1	22616	22677	1	1	1	2	0	47
MIKF01000254.1	22770	22846	1	1	1	2	0	43
MIKF01000254.1	25474	25523	1	1	1	1	0	19
MIKF01000254.1	42786	42835	2	2	1	1	0	21
MIKF01000254.1	42923	42971	2	2	1	2	0	28
MIKF01000255.1	37933	38035	2	2	1	1	0	14
MIKF01000255.1	56474	56532	2	2	1	1	0	40
MIKF01000256.1	7127	7214	2	2	1	1	0	48
MIKF01000256.1	43797	43847	2	2	1	1	0	12
MIKF01000257.1	21415	21474	2	2	1	4	0	25
MIKF01000257.1	34826	34990	1	1	1	3	0	49
MIKF01000258.1	57836	57913	1	1	1	2	0	49
MIKF01000026.1	51455	51507	2	2	1	1	0	13
MIKF01000259.1	27792	27845	1	1	1	1	0	3
MIKF01000260.1	5343	5396	2	2	0	1	0	20
MIKF01000260.1	5417	5752	2	2	0	1	0	20
MIKF01000260.1	7993	8048	2	2	1	2	0	27
MIKF01000260.1	8076	8143	2	2	1	4	0	17
MIKF01000260.1	8223	8271	2	2	1	2	0	12
MIKF01000261.1	19861	19915	2	2	1	1	0	23
MIKF01000261.1	36330	36381	2	2	1	5	0	34
MIKF01000261.1	36426	36568	2	2	1	2	0	42
MIKF01000261.1	37123	37175	2	2	1	2	0	11
MIKF01000261.1	37262	37336	2	2	1	5	0	22
MIKF01000261.1	37359	37447	2	2	1	5	0	22
MIKF01000261.1	37584	37684	2	2	1	2	0	44
MIKF01000261.1	41921	41974	2	2	1	2	0	50
MIKF01000261.1	46704	46761	2	2	1	3	0	37
MIKF01000261.1	46956	47297	2	2	1	3	0	45
MIKF01000261.1	49000	49047	2	2	1	1	0	23
MIKF01000261.1	49110	49161	2	2	1	2	0	43
MIKF01000262.1	8075	8149	2	2	1	1	0	36
MIKF01000262.1	55139	55234	2	2	1	2	0	24
MIKF01000264.1	6379	6432	2	4	1	2	0	41
MIKF01000265.1	23346	23621	1	1	0	1	0	35
MIKF01000265.1	23864	23950	2	4	0	0	2	32
MIKF01000265.1	41131	41183	1	1	1	1	0	23
MIKF01000265.1	58115	58164	2	2	1	4	0	40
MIKF01000266.1	58459	58523	2	2	1	7	0	41
MIKF01000266.1	58992	59068	2	2	1	3	0	44
MIKF01000266.1	59810	59859	1	1	1	0	1	8
MIKF01000267.1	26233	26381	1	1	1	1	0	40
MIKF01000267.1	26438	26497	1	1	1	4	0	14
MIKF01000267.1	26512	26570	1	1	1	4	0	14
MIKF01000268.1	47507	47553	1	1	1	2	0	7
MIKF01000268.1	61353	61401	2	2	1	21	0	49
MIKF01000268.1	61541	61805	2	2	1	12	1	45
MIKF01000268.1	61869	61974	2	2	1	10	0	39
MIKF01000268.1	62093	62232	2	2	0	3	0	35
MIKF01000027.1	166058	166110	1	1	1	1	0	44
MIKF01000269.1	20062	20131	2	2	1	2	0	29
MIKF01000269.1	20259	20325	2	2	1	2	0	50
MIKF01000269.1	23509	23558	2	2	1	1	0	17
MIKF01000271.1	8307	8356	1	1	1	1	0	16
MIKF01000272.1	39236	39282	2	2	1	7	0	45
MIKF01000272.1	39458	39506	2	2	1	3	0	32
MIKF01000272.1	41261	41310	2	2	1	20	0	48
MIKF01000272.1	41495	41571	2	2	1	24	0	50
MIKF01000273.1	13704	13772	2	2	1	2	0	29
MIKF01000273.1	13913	13985	2	2	1	4	0	27
MIKF01000273.1	33366	33447	2	2	0	1	0	35
MIKF01000273.1	48008	48063	1	1	1	1	0	48
MIKF01000273.1	48222	48279	1	1	1	1	0	19
MIKF01000274.1	2135	2193	1	1	1	2	0	36
MIKF01000274.1	15321	15373	2	2	1	1	0	29
MIKF01000274.1	34211	34397	2	4	1	1	0	39
MIKF01000274.1	34535	34586	2	2	1	2	0	38
MIKF01000274.1	47929	47978	1	1	1	1	0	42
MIKF01000274.1	48806	49077	1	1	1	1	0	44
MIKF01000274.1	49161	49212	1	1	1	7	0	36
MIKF01000275.1	30309	30388	1	1	1	1	0	29
MIKF01000275.1	35064	35119	1	1	1	1	0	49
MIKF01000277.1	2181	2231	2	2	1	4	0	26
MIKF01000277.1	10272	10320	1	1	1	1	0	23
MIKF01000028.1	40410	40458	2	2	1	2	0	12
MIKF01000028.1	53364	53411	1	1	1	3	0	34
MIKF01000028.1	108176	108221	2	2	1	1	0	25
MIKF01000028.1	114016	114060	1	1	1	2	0	37
MIKF01000028.1	123288	123375	2	2	1	2	0	28
MIKF01000028.1	123509	123617	2	2	1	5	0	40
MIKF01000028.1	140621	140668	2	2	1	1	0	29
MIKF01000028.1	164358	164410	2	2	1	2	0	40
MIKF01000028.1	174222	174267	1	1	1	1	0	41
MIKF01000281.1	51964	52015	1	1	1	1	0	31
MIKF01000281.1	52136	52194	1	1	1	1	0	29
MIKF01000282.1	18547	18600	2	2	1	1	0	21
MIKF01000282.1	20710	20760	1	1	1	1	0	14
MIKF01000282.1	22650	22705	2	2	1	8	0	48
MIKF01000282.1	34976	35045	1	1	1	1	0	47
MIKF01000284.1	38304	38354	1	1	1	1	0	32
MIKF01000284.1	38387	38454	1	1	1	1	0	20
MIKF01000286.1	7056	7112	1	1	1	1	0	29
MIKF01000286.1	7142	7193	1	1	1	1	0	19
MIKF01000286.1	8569	8623	2	2	1	1	0	38
MIKF01000287.1	4188	4242	2	2	1	1	0	30
MIKF01000287.1	4327	4376	2	2	1	2	0	37
MIKF01000287.1	16445	16490	2	2	1	1	0	37
MIKF01000287.1	16528	16574	2	2	1	1	0	27
MIKF01000287.1	24993	25042	2	2	1	1	0	32
MIKF01000288.1	698	899	1	1	1	5	0	24
MIKF01000288.1	16271	16321	2	2	1	1	0	20
MIKF01000288.1	16389	16439	2	2	1	3	0	19
MIKF01000288.1	16596	16705	2	2	1	3	0	35
MIKF01000029.1	37569	37622	1	1	1	2	0	34
MIKF01000029.1	37719	37772	1	1	1	2	0	39
MIKF01000029.1	75548	75600	2	2	1	1	0	39
MIKF01000029.1	76955	77012	1	1	1	5	0	43
MIKF01000029.1	77203	77280	2	2	0	1	0	25
MIKF01000029.1	77594	77654	1	1	1	1	0	10
MIKF01000029.1	105868	105917	2	2	1	2	0	9
MIKF01000029.1	112941	112993	1	1	1	2	0	39
MIKF01000029.1	124516	124568	2	2	1	1	0	39
MIKF01000029.1	125566	125633	1	1	1	1	0	14
MIKF01000029.1	152099	152148	1	1	1	1	0	36
MIKF01000289.1	17652	17975	2	2	0	2	0	29
MIKF01000289.1	21181	21235	1	1	1	1	0	42
MIKF01000290.1	35249	35351	1	1	0	1	0	49
MIKF01000290.1	35249	35354	1	1	1	1	0	11
MIKF01000291.1	3684	3765	2	2	1	1	0	43
MIKF01000291.1	12978	13033	1	1	1	1	0	19
MIKF01000291.1	24734	24802	2	2	1	3	0	38
MIKF01000291.1	27105	27160	2	2	1	1	0	28
MIKF01000291.1	43843	43893	2	2	1	1	0	41
MIKF01000294.1	6234	6292	2	2	1	2	0	45
MIKF01000294.1	6928	6980	2	2	1	1	0	4
MIKF01000294.1	26873	26927	1	1	1	1	0	29
MIKF01000294.1	37687	37744	1	1	1	1	0	36
MIKF01000294.1	57006	57063	2	2	1	6	0	44
MIKF01000294.1	57838	57888	2	2	1	3	0	32
MIKF01000294.1	58000	58053	2	2	1	1	0	10
MIKF01000296.1	50424	50479	2	2	1	2	0	43
MIKF01000297.1	3619	3668	1	1	1	2	0	30
MIKF01000297.1	16731	16786	1	1	1	2	0	35
MIKF01000297.1	34129	34448	2	2	0	1	0	38
MIKF01000297.1	35066	35391	2	2	1	7	0	47
MIKF01000297.1	42208	42325	1	3	1	1	0	10
MIKF01000297.1	42484	42534	1	1	1	1	0	49
MIKF01000297.1	53803	53857	1	1	1	2	0	35
MIKF01000298.1	37383	37471	1	1	1	4	0	29
MIKF01000298.1	37921	37985	1	1	1	4	0	41
MIKF01000298.1	38209	38260	1	1	1	6	0	43
MIKF01000003.1	1335	1384	2	2	1	1	0	43
MIKF01000003.1	28365	28417	1	1	1	1	0	24
MIKF01000003.1	84479	84529	1	3	1	4	0	5
MIKF01000003.1	93820	93868	2	2	1	2	0	48
MIKF01000003.1	119323	119374	1	1	0	1	0	39
MIKF01000003.1	198345	198413	2	2	1	1	0	50
MIKF01000003.1	306581	306628	1	1	1	1	0	45
MIKF01000003.1	306705	306751	1	1	1	1	0	6
MIKF01000030.1	31262	31500	1	1	1	17	0	29
MIKF01000030.1	31564	31624	1	1	1	29	0	50
MIKF01000030.1	112254	112303	2	2	1	2	0	35
MIKF01000030.1	112743	112791	2	2	1	1	0	35
MIKF01000030.1	118848	118902	2	2	1	1	0	9
MIKF01000030.1	159926	160072	1	1	1	2	0	32
MIKF01000030.1	171368	171428	1	1	1	1	0	45
MIKF01000304.1	53977	54128	2	2	0	3	0	38
MIKF01000304.1	54266	54319	2	2	1	4	0	39
MIKF01000305.1	19497	19544	2	2	1	1	0	43
MIKF01000305.1	51702	51764	2	2	1	2	0	24
MIKF01000307.1	22329	22414	2	2	1	1	0	24
MIKF01000307.1	43497	43564	2	2	1	1	0	43
MIKF01000307.1	53031	53083	2	2	1	1	0	3
MIKF01000031.1	1698	1747	2	2	1	1	0	7
MIKF01000031.1	1950	2003	2	2	1	1	0	10
MIKF01000031.1	49355	49407	2	2	1	1	0	31
MIKF01000031.1	63937	63986	1	1	1	2	0	27
MIKF01000031.1	73454	73514	1	1	1	7	0	36
MIKF01000031.1	73580	73767	1	1	1	8	0	38
MIKF01000031.1	73938	73989	1	1	1	6	0	21
MIKF01000031.1	74097	74146	1	1	1	10	0	45
MIKF01000031.1	81488	81544	1	1	1	2	0	48
MIKF01000031.1	90356	90485	2	2	1	2	0	50
MIKF01000031.1	125473	125525	2	2	1	1	0	38
MIKF01000031.1	160744	160822	2	2	1	7	0	49
MIKF01000031.1	174688	174752	1	1	1	2	0	5
MIKF01000031.1	175000	175062	1	1	1	4	0	42
MIKF01000031.1	175141	175192	1	1	1	2	0	48
MIKF01000031.1	185939	185987	2	2	1	1	0	40
MIKF01000310.1	31203	31250	2	2	1	1	0	30
MIKF01000310.1	34211	34315	2	2	1	2	0	47
MIKF01000312.1	4507	4564	1	1	1	2	0	5
MIKF01000312.1	14316	14387	2	2	1	2	0	39
MIKF01000312.1	14530	14580	2	2	1	1	0	11
MIKF01000312.1	14652	14708	2	2	1	2	0	39
MIKF01000312.1	14835	14991	2	2	1	1	0	16
MIKF01000312.1	15008	15082	2	2	1	1	0	16
MIKF01000312.1	20726	20785	1	1	1	6	0	29
MIKF01000312.1	20847	20914	1	1	1	3	0	41
MIKF01000312.1	21731	21789	2	2	1	2	0	20
MIKF01000313.1	42414	42468	1	1	1	2	0	46
MIKF01000313.1	42667	42724	1	1	1	1	0	18
MIKF01000314.1	9204	9256	1	1	1	1	0	42
MIKF01000314.1	23178	23257	2	2	1	2	0	23
MIKF01000314.1	29662	29710	2	2	1	1	0	48
MIKF01000314.1	31079	31134	1	1	1	3	0	30
MIKF01000315.1	38995	39051	1	1	1	1	0	28
MIKF01000315.1	52213	52387	1	1	1	2	0	45
MIKF01000316.1	648	708	1	1	1	4	0	48
MIKF01000316.1	18873	18948	2	2	1	2	0	22
MIKF01000316.1	39645	39695	2	2	1	3	0	37
MIKF01000317.1	2893	2942	2	2	1	4	0	33
MIKF01000318.1	19711	19760	1	1	0	1	0	42
MIKF01000032.1	51932	51992	1	1	1	1	0	45
MIKF01000032.1	58869	59004	1	1	1	1	0	48
MIKF01000032.1	83386	83435	1	1	1	1	0	29
MIKF01000032.1	83503	83554	1	1	1	2	0	30
MIKF01000032.1	90044	90092	2	2	1	3	0	39
MIKF01000032.1	138170	138230	2	2	1	2	0	29
MIKF01000032.1	157788	157845	1	1	1	5	0	50
MIKF01000032.1	158080	158139	1	1	1	1	0	13
MIKF01000319.1	35163	35237	2	2	1	2	0	41
MIKF01000320.1	13498	13554	1	1	1	2	0	37
MIKF01000320.1	23457	23506	2	2	0	4	0	45
MIKF01000320.1	23739	23787	2	2	1	11	0	50
MIKF01000320.1	24654	24756	2	2	1	1	0	13
MIKF01000320.1	24813	25007	2	2	1	1	0	32
MIKF01000320.1	40754	40806	1	3	1	2	0	24
MIKF01000320.1	40888	40941	1	1	1	1	0	8
MIKF01000321.1	29482	29572	2	2	1	1	0	47
MIKF01000323.1	26552	26614	2	2	1	1	0	29
MIKF01000325.1	21102	21147	1	1	1	1	0	5
MIKF01000325.1	34065	34115	1	1	1	2	0	49
MIKF01000326.1	2320	2399	1	1	1	2	0	22
MIKF01000326.1	35425	35493	2	2	1	1	0	39
MIKF01000326.1	35606	35667	2	2	1	1	0	31
MIKF01000328.1	24475	24530	1	1	1	1	0	36
MIKF01000328.1	24762	24813	1	1	1	2	0	36
MIKF01000328.1	25331	25385	1	1	1	1	0	24
MIKF01000328.1	30148	30205	1	1	1	1	0	42
MIKF01000033.1	91153	91229	1	1	1	6	0	32
MIKF01000033.1	92379	92428	1	1	1	2	0	39
MIKF01000033.1	183252	183303	1	1	1	2	0	42
MIKF01000033.1	190857	190913	2	2	1	3	0	39
MIKF01000033.1	194387	194437	1	1	1	1	0	20
MIKF01000330.1	6253	6348	1	1	1	1	0	48
MIKF01000330.1	12339	12542	1	1	1	7	0	47
MIKF01000331.1	7483	7535	2	2	1	1	0	17
MIKF01000331.1	19694	19742	2	2	1	2	0	48
MIKF01000331.1	19982	20374	2	2	0	1	0	31
MIKF01000331.1	25413	25859	1	1	0	0	1	17
MIKF01000332.1	8978	9038	2	2	1	2	0	25
MIKF01000332.1	20111	20173	2	2	1	8	0	38
MIKF01000332.1	20212	20377	2	2	1	8	0	37
MIKF01000333.1	16499	16556	2	2	1	3	0	29
MIKF01000333.1	16708	16866	2	2	1	2	0	30
MIKF01000333.1	17093	17155	2	2	1	2	0	26
MIKF01000333.1	25049	25122	1	1	1	1	0	31
MIKF01000333.1	26945	27033	2	2	1	4	0	39
MIKF01000333.1	27134	27252	2	2	1	4	0	42
MIKF01000333.1	44452	44502	1	1	1	1	0	11
MIKF01000337.1	4601	4653	1	1	1	1	0	24
MIKF01000337.1	4734	4786	1	1	1	1	0	3
MIKF01000338.1	21491	21542	1	1	1	2	0	48
MIKF01000034.1	2007	2054	1	1	0	1	0	18
MIKF01000034.1	15311	15358	1	1	0	1	0	14
MIKF01000034.1	54865	55028	2	2	1	13	0	47
MIKF01000034.1	55132	55187	2	2	1	9	0	42
MIKF01000034.1	55316	55472	2	2	1	13	0	50
MIKF01000034.1	55905	56127	1	1	0	16	0	48
MIKF01000034.1	56508	56563	1	1	0	6	0	49
MIKF01000034.1	62710	62772	2	2	1	1	0	9
MIKF01000034.1	62875	62928	2	2	1	0	1	19
MIKF01000034.1	62998	69076	2	2	0	0	1	13
MIKF01000034.1	128527	128578	1	1	1	1	0	20
MIKF01000034.1	129619	129677	1	1	1	1	0	16
MIKF01000034.1	132592	132649	1	1	1	1	0	36
MIKF01000034.1	163407	163460	2	2	1	1	0	18
MIKF01000034.1	163479	163530	2	2	1	1	0	18
MIKF01000034.1	169315	169365	1	1	1	3	0	43
MIKF01000034.1	171392	171438	1	1	1	2	0	39
MIKF01000339.1	42144	42192	2	2	1	1	0	37
MIKF01000340.1	5453	5505	2	2	1	1	0	8
MIKF01000341.1	17971	18070	1	1	1	1	0	6
MIKF01000341.1	21907	21990	2	2	1	5	0	47
MIKF01000342.1	7276	7323	2	2	0	4	0	39
MIKF01000342.1	27957	28027	1	1	1	4	0	48
MIKF01000342.1	33940	33988	2	2	1	1	0	17
MIKF01000342.1	44949	45061	1	1	1	4	0	33
MIKF01000344.1	17617	17673	2	2	1	2	0	36
MIKF01000346.1	24692	24737	1	1	1	3	0	46
MIKF01000346.1	31598	31648	2	2	1	1	0	27
MIKF01000346.1	31758	31808	2	2	1	1	0	38
MIKF01000348.1	27425	27488	1	1	1	1	0	42
MIKF01000348.1	32755	32807	1	1	0	1	0	37
MIKF01000035.1	161123	161175	1	1	1	1	0	16
MIKF01000035.1	161217	161268	1	1	1	1	0	41
MIKF01000349.1	6349	6411	2	2	1	11	0	42
MIKF01000349.1	6548	6619	2	2	1	4	0	43
MIKF01000349.1	6698	6798	2	2	1	12	0	48
MIKF01000349.1	7923	7975	1	1	1	2	0	47
MIKF01000349.1	16447	16517	1	1	1	1	0	32
MIKF01000350.1	37848	37945	1	1	1	1	0	44
MIKF01000351.1	35958	36012	1	1	1	2	0	9
MIKF01000351.1	36198	36248	1	1	1	1	0	47
MIKF01000354.1	22832	22887	2	2	1	6	0	24
MIKF01000354.1	23166	23545	2	2	1	4	0	36
MIKF01000354.1	30066	30117	2	2	1	1	0	42
MIKF01000356.1	1199	1267	2	2	1	1	0	15
MIKF01000356.1	7451	7500	2	2	1	2	0	42
MIKF01000356.1	11351	11422	2	2	1	2	0	33
MIKF01000356.1	11555	11644	2	2	1	3	0	48
MIKF01000356.1	15136	15261	1	1	0	1	0	16
MIKF01000356.1	15341	15429	1	1	1	2	0	36
MIKF01000356.1	15737	15807	1	1	1	2	0	29
MIKF01000356.1	16050	16103	1	1	1	1	0	17
MIKF01000356.1	16175	16229	1	1	1	1	0	11
MIKF01000356.1	26211	26261	1	1	1	2	0	47
MIKF01000357.1	1614	1663	1	1	1	3	0	38
MIKF01000358.1	36154	36209	1	1	1	1	0	29
MIKF01000036.1	57319	57367	2	4	1	1	0	32
MIKF01000359.1	14856	15006	1	1	1	9	0	46
MIKF01000359.1	15138	15201	1	1	1	12	0	44
MIKF01000359.1	19253	19313	1	1	1	3	0	42
MIKF01000360.1	8411	8459	1	1	1	1	0	34
MIKF01000360.1	35176	35284	1	1	1	1	0	28
MIKF01000361.1	41789	41841	2	2	1	1	0	3
MIKF01000362.1	4931	4980	1	1	1	1	0	4
MIKF01000362.1	15036	15099	1	1	1	3	0	47
MIKF01000363.1	19711	19764	2	2	1	18	0	47
MIKF01000363.1	21683	21876	2	2	1	1	0	6
MIKF01000364.1	6987	7053	2	2	1	7	0	33
MIKF01000364.1	11803	11854	2	2	1	1	0	50
MIKF01000365.1	42948	43164	1	1	1	1	0	29
MIKF01000366.1	18330	18390	2	2	1	1	0	47
MIKF01000366.1	24433	24612	1	1	0	1	0	40
MIKF01000366.1	39058	39104	1	1	1	1	0	16
MIKF01000037.1	9176	9223	2	2	1	2	0	24
MIKF01000037.1	9691	9737	2	2	1	2	0	49
MIKF01000037.1	17117	17167	2	2	1	1	0	17
MIKF01000037.1	67583	67639	2	2	1	1	0	45
MIKF01000037.1	86893	86953	1	1	1	5	0	44
MIKF01000037.1	87013	87109	1	1	1	6	0	49
MIKF01000037.1	87229	87287	1	1	1	3	0	49
MIKF01000037.1	106166	106217	2	2	1	1	0	27
MIKF01000037.1	106371	106427	2	2	1	1	0	27
MIKF01000037.1	111640	111690	2	2	1	1	0	22
MIKF01000037.1	120427	120502	2	2	1	1	0	48
MIKF01000037.1	120686	120752	2	2	1	3	0	20
MIKF01000037.1	120773	120824	2	2	1	2	0	20
MIKF01000037.1	159024	159076	1	1	1	2	0	31
MIKF01000037.1	163501	163573	2	2	1	11	0	48
MIKF01000037.1	163643	163701	2	2	1	5	0	38
MIKF01000037.1	163743	163808	2	2	1	4	0	41
MIKF01000037.1	168669	168742	1	1	1	1	0	33
MIKF01000037.1	169708	169777	1	1	1	1	0	17
MIKF01000037.1	173811	173862	2	2	0	11	0	47
MIKF01000037.1	173974	174064	2	2	0	6	0	31
MIKF01000037.1	177384	177435	2	2	1	2	0	45
MIKF01000037.1	177569	177699	2	2	1	1	0	13
MIKF01000037.1	177970	178229	2	2	1	3	0	48
MIKF01000369.1	2081	2136	2	2	1	2	0	26
MIKF01000369.1	2277	2770	2	2	0	1	0	27
MIKF01000369.1	36108	36169	1	1	1	1	0	26
MIKF01000369.1	42080	42153	2	2	1	1	0	33
MIKF01000369.1	42497	42586	2	2	1	1	0	42
MIKF01000371.1	6462	6513	2	2	1	3	0	32
MIKF01000371.1	6774	6822	2	2	1	1	0	49
MIKF01000371.1	15791	15937	1	1	1	1	0	44
MIKF01000371.1	23068	23120	2	2	1	1	0	40
MIKF01000371.1	27975	28024	1	1	1	1	0	34
MIKF01000372.1	843	905	2	2	1	4	0	45
MIKF01000372.1	17034	17091	1	1	1	3	0	31
MIKF01000373.1	6480	6545	1	1	1	2	0	38
MIKF01000373.1	29386	29440	1	1	1	2	0	7
MIKF01000374.1	28053	28109	1	1	1	2	0	43
MIKF01000374.1	35374	35446	1	1	1	10	0	46
MIKF01000375.1	6190	6265	2	2	1	5	0	49
MIKF01000375.1	6450	6546	2	2	1	1	0	26
MIKF01000375.1	7033	7092	1	1	1	5	0	38
MIKF01000375.1	7131	7194	1	1	1	13	0	39
MIKF01000375.1	7419	7477	1	1	1	18	0	49
MIKF01000375.1	11828	12101	1	1	1	7	0	22
MIKF01000375.1	12124	12241	1	1	1	8	0	22
MIKF01000375.1	12319	12447	1	1	1	7	0	48
MIKF01000375.1	34187	34236	1	1	1	1	0	11
MIKF01000375.1	39258	39313	1	1	1	2	0	34
MIKF01000376.1	30731	30781	2	2	1	1	0	19
MIKF01000378.1	22031	22075	2	2	1	1	0	20
MIKF01000378.1	31554	31597	2	2	1	1	0	21
MIKF01000378.1	33609	33652	2	2	1	1	0	42
MIKF01000038.1	123635	123685	2	2	1	1	0	41
MIKF01000379.1	30585	30633	1	1	1	2	0	25
MIKF01000380.1	6678	6731	2	2	1	1	0	30
MIKF01000380.1	16148	16244	2	2	1	1	0	23
MIKF01000383.1	33537	33602	1	1	1	1	0	4
MIKF01000384.1	5259	5308	2	2	1	2	0	47
MIKF01000384.1	7807	7862	1	1	1	1	0	11
MIKF01000384.1	8063	8114	1	1	1	2	0	29
MIKF01000384.1	31968	32020	1	1	1	2	0	36
MIKF01000385.1	1283	1337	1	1	1	1	0	30
MIKF01000385.1	22517	22668	2	2	1	1	0	28
MIKF01000387.1	28437	28505	2	2	1	2	0	37
MIKF01000388.1	1154	1214	1	1	1	2	0	29
MIKF01000388.1	1244	1342	1	1	1	1	0	26
MIKF01000388.1	18337	18387	1	1	1	1	0	33
MIKF01000388.1	25213	25263	1	1	1	1	0	39
MIKF01000039.1	42140	42192	2	2	1	1	0	14
MIKF01000039.1	93218	93274	2	2	1	1	0	15
MIKF01000039.1	93300	93356	2	2	1	2	0	25
MIKF01000390.1	12945	12993	2	2	1	1	0	31
MIKF01000390.1	13055	13100	2	2	1	1	0	9
MIKF01000390.1	23787	23870	1	1	1	4	0	42
MIKF01000390.1	26463	26513	2	2	1	2	0	41
MIKF01000390.1	35592	35646	2	2	1	4	0	39
MIKF01000390.1	36131	36187	2	2	1	0	1	20
MIKF01000391.1	33002	33055	2	2	1	2	0	35
MIKF01000392.1	1205	1403	1	1	1	1	0	26
MIKF01000393.1	27225	27282	2	2	1	2	0	47
MIKF01000393.1	27461	27526	2	4	1	2	0	23
MIKF01000393.1	27550	27614	2	2	1	4	0	23
MIKF01000394.1	10311	10378	1	1	1	1	0	8
MIKF01000394.1	37009	37055	2	2	1	1	0	22
MIKF01000396.1	17957	18008	1	1	1	2	0	35
MIKF01000396.1	18172	18221	1	1	1	1	0	44
MIKF01000004.1	36017	36068	2	2	1	2	0	49
MIKF01000004.1	56259	56305	2	2	1	2	0	27
MIKF01000004.1	68106	68162	1	1	1	3	0	48
MIKF01000004.1	142176	142224	2	2	1	3	0	13
MIKF01000004.1	198754	198814	1	1	1	1	0	44
MIKF01000004.1	281452	281498	1	1	1	1	0	21
MIKF01000040.1	6719	6779	2	2	1	1	0	6
MIKF01000040.1	17234	17301	1	1	1	1	0	16
MIKF01000040.1	27948	28062	1	1	1	15	0	5
MIKF01000040.1	28386	28464	1	1	1	23	0	46
MIKF01000040.1	33581	33626	2	2	1	1	0	24
MIKF01000040.1	94113	94160	2	2	1	1	0	7
MIKF01000040.1	105241	105294	2	2	1	2	0	37
MIKF01000040.1	127488	127535	1	1	1	1	0	42
MIKF01000040.1	145066	145119	2	2	1	3	0	46
MIKF01000040.1	149210	149257	1	1	1	1	0	34
MIKF01000040.1	152140	152190	2	2	1	1	0	46
MIKF01000401.1	21148	21221	1	1	1	3	0	49
MIKF01000401.1	30251	30312	2	2	1	1	0	26
MIKF01000402.1	10629	10682	2	2	1	2	0	36
MIKF01000403.1	34041	34101	1	1	0	3	0	48
MIKF01000403.1	34284	35015	2	2	0	0	2	33
MIKF01000403.1	34318	34365	1	1	0	5	0	39
MIKF01000404.1	15480	15546	2	2	1	2	0	50
MIKF01000404.1	15599	15692	2	2	1	1	0	18
MIKF01000404.1	18410	18469	1	1	1	2	0	34
MIKF01000404.1	26569	26621	2	2	1	2	0	45
MIKF01000405.1	35225	35282	2	2	1	1	0	47
MIKF01000408.1	38157	38209	1	1	1	1	0	11
MIKF01000041.1	1284	1349	1	1	1	1	0	24
MIKF01000409.1	35067	35141	1	1	1	1	0	39
MIKF01000409.1	35434	35489	1	1	1	1	0	36
MIKF01000412.1	24483	24532	2	2	1	2	0	46
MIKF01000412.1	24778	24830	2	2	1	1	0	14
MIKF01000414.1	5301	5353	2	2	1	1	0	6
MIKF01000414.1	31986	32191	1	1	1	9	0	49
MIKF01000414.1	32267	32426	1	1	1	6	0	47
MIKF01000414.1	32520	32569	1	1	1	4	0	50
MIKF01000415.1	6783	6837	2	2	1	1	0	26
MIKF01000415.1	31331	31377	1	1	1	1	0	23
MIKF01000416.1	30169	30218	1	1	1	2	0	29
MIKF01000417.1	20940	21388	1	1	0	3	0	47
MIKF01000417.1	31587	31650	1	1	1	2	0	35
MIKF01000042.1	19267	19319	1	1	1	1	0	12
MIKF01000042.1	37740	37792	2	2	1	1	0	20
MIKF01000042.1	91211	91259	2	2	1	2	0	42
MIKF01000419.1	8499	8548	1	1	1	4	0	21
MIKF01000419.1	8570	8629	1	1	1	4	0	7
MIKF01000419.1	8637	8682	1	1	1	3	0	7
MIKF01000419.1	8963	9010	1	1	1	8	0	44
MIKF01000420.1	14177	14341	2	2	1	1	0	10
MIKF01000420.1	32429	32841	1	1	1	2	0	33
MIKF01000420.1	33128	33241	1	1	1	9	0	44
MIKF01000421.1	1562	1613	1	1	1	2	0	44
MIKF01000423.1	23638	23687	1	1	1	1	0	44
MIKF01000425.1	13389	13479	2	2	1	1	0	37
MIKF01000427.1	17963	18013	1	1	1	1	0	28
MIKF01000427.1	19036	19085	1	1	1	2	0	41
MIKF01000428.1	8335	8394	1	1	1	1	0	29
MIKF01000428.1	22000	22048	2	2	1	1	0	46
MIKF01000043.1	130751	130810	2	2	1	1	0	9
MIKF01000043.1	152785	152840	2	2	1	1	0	16
MIKF01000429.1	15035	15110	1	1	1	1	0	21
MIKF01000431.1	4175	4269	2	2	1	2	0	43
MIKF01000431.1	21139	21241	1	1	1	4	0	46
MIKF01000431.1	30013	30069	2	2	1	2	0	21
MIKF01000431.1	33701	33752	2	2	1	1	0	21
MIKF01000432.1	27726	27784	1	1	1	2	0	38
MIKF01000434.1	18015	18066	2	2	1	4	0	30
MIKF01000434.1	18972	19056	2	2	1	7	0	45
MIKF01000434.1	19223	19292	2	2	1	1	0	50
MIKF01000434.1	19471	19661	2	2	1	8	0	24
MIKF01000434.1	22627	22679	2	2	1	1	0	21
MIKF01000437.1	30505	30557	1	1	1	1	0	50
MIKF01000044.1	2774	2831	1	1	1	1	0	48
MIKF01000044.1	34252	34311	2	2	1	2	0	35
MIKF01000044.1	39372	39416	2	2	1	1	0	16
MIKF01000044.1	62047	62100	1	1	1	1	0	12
MIKF01000044.1	78738	114352	2	2	0	1	0	12
MIKF01000044.1	125432	125485	1	1	1	1	0	26
MIKF01000044.1	126231	126287	1	1	1	2	0	38
MIKF01000044.1	132224	132281	1	1	1	1	0	7
MIKF01000044.1	135805	135860	1	1	1	1	0	4
MIKF01000044.1	151270	151331	1	1	1	1	0	14
MIKF01000440.1	5059	5108	2	2	1	1	0	38
MIKF01000440.1	5618	5692	2	2	1	1	0	48
MIKF01000440.1	6171	6230	1	1	1	1	0	32
MIKF01000440.1	6379	6438	1	1	1	1	0	41
MIKF01000440.1	12594	12652	2	2	1	1	0	41
MIKF01000442.1	30749	30800	1	1	1	1	0	31
MIKF01000443.1	32890	32941	2	2	1	1	0	15
MIKF01000444.1	4125	4178	1	1	1	3	0	38
MIKF01000445.1	14132	14177	2	2	1	2	0	44
MIKF01000445.1	14267	14336	2	2	1	2	0	44
MIKF01000445.1	14852	14924	1	1	1	1	0	35
MIKF01000445.1	18211	18260	2	2	1	3	0	34
MIKF01000446.1	10163	10209	2	2	1	2	0	21
MIKF01000446.1	10613	10661	2	2	1	1	0	28
MIKF01000446.1	10879	10962	2	2	1	1	0	19
MIKF01000447.1	6919	6976	2	2	1	1	0	31
MIKF01000448.1	8275	8327	2	2	1	1	0	47
MIKF01000448.1	14815	14866	2	2	1	1	0	26
MIKF01000045.1	55465	55514	2	2	1	2	0	16
MIKF01000045.1	76501	76551	2	2	1	4	0	37
MIKF01000045.1	77238	77287	2	2	1	2	0	13
MIKF01000045.1	77366	77414	2	2	1	1	0	45
MIKF01000045.1	77541	77613	2	2	1	1	0	38
MIKF01000045.1	96674	103666	1	1	0	0	1	17
MIKF01000045.1	103780	103905	1	1	1	3	0	48
MIKF01000045.1	116534	116587	1	1	1	3	0	35
MIKF01000045.1	121218	121280	1	1	1	1	0	25
MIKF01000045.1	124336	124384	2	2	1	2	0	25
MIKF01000045.1	144630	144697	1	1	1	2	0	36
MIKF01000045.1	148266	148321	2	2	1	1	0	26
MIKF01000045.1	148425	148481	2	2	1	1	0	39
MIKF01000045.1	172368	172760	2	2	1	2	0	46
MIKF01000449.1	18362	18493	1	1	0	1	0	32
MIKF01000449.1	27718	27772	2	2	1	1	0	19
MIKF01000449.1	27831	27884	2	2	1	1	0	22
MIKF01000451.1	1864	2181	1	1	0	2	0	30
MIKF01000451.1	24091	24137	2	2	1	1	0	46
MIKF01000452.1	5760	5816	1	1	1	1	0	10
MIKF01000452.1	9117	9170	2	2	1	1	0	13
MIKF01000454.1	1322	1467	1	1	1	2	0	30
MIKF01000454.1	2134	2191	1	1	1	1	0	39
MIKF01000454.1	14521	14697	2	2	0	1	0	15
MIKF01000456.1	4441	4486	1	1	1	0	2	5
MIKF01000456.1	12456	12511	1	1	1	10	0	44
MIKF01000456.1	12597	12666	1	1	1	5	0	26
MIKF01000456.1	12693	12756	1	1	1	6	0	26
MIKF01000456.1	13259	13331	1	1	1	7	0	44
MIKF01000456.1	26784	26835	1	1	1	1	0	41
MIKF01000457.1	23161	23207	1	1	1	2	0	41
MIKF01000458.1	1184	1232	1	1	1	1	0	30
MIKF01000458.1	18408	18689	1	1	1	4	0	48
MIKF01000046.1	79777	79881	2	2	1	1	0	20
MIKF01000046.1	139729	139869	1	1	1	0	1	39
MIKF01000046.1	154405	154460	2	2	1	1	0	30
MIKF01000463.1	4627	4682	1	1	1	2	0	25
MIKF01000464.1	3284	3362	1	1	1	2	0	50
MIKF01000464.1	16177	16241	2	2	1	1	0	46
MIKF01000464.1	16348	16424	2	2	1	1	0	46
MIKF01000047.1	15129	15177	1	1	1	2	0	49
MIKF01000047.1	158210	158267	2	2	1	1	0	31
MIKF01000470.1	1403	1521	2	2	1	2	0	36
MIKF01000470.1	2059	2250	2	2	1	2	0	13
MIKF01000470.1	21268	21340	1	1	1	1	0	11
MIKF01000470.1	21384	21466	1	1	1	1	0	37
MIKF01000472.1	23820	23867	1	1	1	3	0	13
MIKF01000478.1	28460	28549	2	2	1	1	0	21
MIKF01000478.1	28610	28833	2	2	1	1	0	16
MIKF01000048.1	7450	7500	2	2	1	2	0	9
MIKF01000048.1	7510	7559	2	2	1	2	0	9
MIKF01000048.1	35415	35460	1	1	1	1	0	37
MIKF01000048.1	53595	53646	2	2	1	1	0	49
MIKF01000048.1	70035	70090	2	2	1	1	0	24
MIKF01000048.1	107664	107733	1	1	1	1	0	15
MIKF01000048.1	148285	148528	1	1	0	1	0	32
MIKF01000048.1	153295	153365	1	1	1	1	0	35
MIKF01000485.1	21568	21619	1	1	1	1	0	37
MIKF01000486.1	5632	5706	1	1	1	2	0	43
MIKF01000488.1	2814	2889	1	1	1	5	0	26
MIKF01000488.1	2916	2989	1	1	1	8	0	27
MIKF01000488.1	3095	3146	1	1	1	12	0	34
MIKF01000488.1	27027	27077	1	1	1	4	0	24
MIKF01000489.1	4805	4870	2	2	1	1	0	25
MIKF01000489.1	18061	18111	2	2	1	3	0	50
MIKF01000489.1	18441	18501	2	2	1	4	0	41
MIKF01000490.1	1160	1213	2	4	1	1	0	33
MIKF01000490.1	13510	13572	1	1	1	1	0	4
MIKF01000490.1	17755	17805	1	1	1	1	0	6
MIKF01000490.1	19345	19489	1	1	1	6	0	19
MIKF01000490.1	19628	19685	1	1	1	8	0	44
MIKF01000491.1	19448	19498	1	1	1	1	0	26
MIKF01000491.1	25009	25061	2	2	1	1	0	44
MIKF01000492.1	10752	10809	1	1	1	1	0	16
MIKF01000492.1	11837	11892	2	2	1	1	0	24
MIKF01000492.1	12689	12742	1	1	1	2	0	33
MIKF01000492.1	23384	23469	1	1	1	1	0	16
MIKF01000495.1	12974	13192	2	2	1	4	0	31
MIKF01000495.1	13224	13423	2	2	1	3	0	31
MIKF01000495.1	16086	16138	2	2	1	1	0	39
MIKF01000495.1	17518	17577	2	2	1	1	0	20
MIKF01000495.1	17604	17664	2	2	1	1	0	26
MIKF01000495.1	17716	17929	2	2	1	2	0	4
MIKF01000497.1	23138	23244	1	1	1	9	0	40
MIKF01000497.1	23434	23502	1	1	1	3	0	13
MIKF01000497.1	26954	27073	1	1	1	4	0	29
MIKF01000497.1	27106	27159	1	1	1	4	0	32
MIKF01000498.1	13334	13390	1	1	1	1	0	3
MIKF01000005.1	122011	122060	2	2	1	1	0	11
MIKF01000005.1	142064	142120	1	1	1	3	0	16
MIKF01000005.1	142247	142295	1	1	1	1	0	27
MIKF01000005.1	162110	162160	2	2	1	2	0	41
MIKF01000005.1	164428	164476	1	1	1	1	0	16
MIKF01000005.1	303583	303635	1	1	1	1	0	21
MIKF01000050.1	73024	73092	1	1	1	1	0	17
MIKF01000050.1	90960	91016	2	2	1	2	0	24
MIKF01000050.1	125264	125315	2	2	1	1	0	37
MIKF01000050.1	127958	128006	1	1	1	2	0	42
MIKF01000050.1	158929	159001	1	1	1	6	0	37
MIKF01000050.1	159161	159213	1	1	1	1	0	5
MIKF01000508.1	10086	10132	2	2	0	1	0	36
MIKF01000051.1	10975	11087	2	2	1	1	0	20
MIKF01000051.1	15525	15694	1	1	1	1	0	42
MIKF01000051.1	15737	15793	1	1	1	2	0	14
MIKF01000051.1	16492	16544	1	1	1	1	0	45
MIKF01000051.1	31450	31504	2	2	1	5	0	39
MIKF01000051.1	72637	72683	1	1	1	4	0	27
MIKF01000051.1	88528	88827	1	1	1	2	0	46
MIKF01000051.1	134146	134201	1	1	1	2	0	21
MIKF01000051.1	164312	164382	2	2	1	1	0	10
MIKF01000510.1	4652	4747	2	2	1	2	0	46
MIKF01000510.1	24255	24319	2	2	1	2	0	25
MIKF01000510.1	24972	25059	2	2	1	1	0	15
MIKF01000510.1	25158	25232	2	2	1	1	0	36
MIKF01000510.1	25274	25346	2	2	1	2	0	24
MIKF01000512.1	15100	15174	2	2	1	1	0	13
MIKF01000512.1	19377	19443	1	1	1	2	0	45
MIKF01000514.1	7637	7693	2	2	1	2	0	44
MIKF01000516.1	11441	11492	1	1	1	1	0	28
MIKF01000516.1	18086	18142	1	1	1	2	0	42
MIKF01000516.1	24108	24156	1	1	1	2	0	29
MIKF01000518.1	1175	1227	1	1	1	3	0	36
MIKF01000518.1	1264	1332	1	1	1	3	0	36
MIKF01000518.1	24369	24423	1	1	1	1	0	9
MIKF01000518.1	24509	24558	1	1	1	1	0	4
MIKF01000519.1	20088	20155	1	1	1	3	0	19
MIKF01000522.1	12166	12218	2	2	1	6	0	47
MIKF01000522.1	12266	12376	2	2	1	6	0	34
MIKF01000522.1	12410	12468	2	2	1	8	0	34
MIKF01000522.1	13823	13871	2	2	1	1	0	38
MIKF01000523.1	22351	22443	2	2	1	2	0	42
MIKF01000525.1	9285	9339	2	2	1	1	0	12
MIKF01000525.1	13623	13670	1	1	1	2	0	38
MIKF01000528.1	1687	1732	2	2	1	1	0	42
MIKF01000528.1	17134	17187	1	1	1	1	0	29
MIKF01000053.1	59924	60142	1	1	0	1	0	21
MIKF01000529.1	16547	16603	1	1	1	1	0	20
MIKF01000529.1	17864	17919	2	2	1	2	0	40
MIKF01000534.1	5872	5926	2	2	1	1	0	48
MIKF01000534.1	8931	8990	2	2	1	26	0	47
MIKF01000534.1	17971	18025	2	2	1	1	0	49
MIKF01000536.1	15353	15408	1	1	1	1	0	17
MIKF01000538.1	13855	13910	2	2	1	2	0	8
MIKF01000538.1	15102	15157	2	2	1	1	0	33
MIKF01000539.1	12115	12176	1	1	1	1	0	22
MIKF01000541.1	2452	2508	2	2	1	2	0	40
MIKF01000541.1	3622	3672	1	3	1	1	0	34
MIKF01000541.1	6957	7025	2	2	1	3	0	34
MIKF01000546.1	5302	5357	2	2	1	1	0	14
MIKF01000546.1	5447	5566	2	2	1	3	0	20
MIKF01000546.1	16490	16537	2	2	1	2	0	35
MIKF01000546.1	16796	16858	2	2	1	4	0	25
MIKF01000548.1	8349	8405	1	1	1	1	0	22
MIKF01000055.1	135769	135817	1	1	1	1	0	34
MIKF01000554.1	9521	9711	2	2	1	2	0	49
MIKF01000554.1	13435	13487	1	1	1	1	0	39
MIKF01000555.1	13654	14374	2	2	0	1	0	39
MIKF01000056.1	30629	30679	1	1	1	1	0	48
MIKF01000056.1	46194	46244	1	1	1	2	0	17
MIKF01000056.1	69746	69805	1	1	1	1	0	23
MIKF01000056.1	143193	143246	2	2	1	2	0	34
MIKF01000056.1	150557	150607	1	1	1	1	0	14
MIKF01000056.1	151433	151521	2	2	1	1	0	12
MIKF01000056.1	151607	151655	2	2	0	1	0	47
MIKF01000559.1	18668	18715	1	1	1	2	0	33
MIKF01000561.1	10388	10622	2	2	1	2	0	48
MIKF01000561.1	10810	10887	2	2	1	1	0	42
MIKF01000564.1	3084	3133	2	2	1	1	0	47
MIKF01000564.1	15456	15505	1	1	1	3	0	11
MIKF01000564.1	15670	15719	1	1	1	3	0	14
MIKF01000568.1	4980	5038	2	2	1	4	0	30
MIKF01000568.1	7841	7894	2	2	1	2	0	42
MIKF01000057.1	4180	4234	2	2	1	1	0	42
MIKF01000057.1	19729	19792	1	1	1	1	0	39
MIKF01000057.1	20292	20341	1	1	1	1	0	35
MIKF01000057.1	20962	21019	1	1	1	2	0	44
MIKF01000057.1	40242	40298	2	2	1	3	0	3
MIKF01000057.1	117577	117704	1	1	1	1	0	10
MIKF01000057.1	118187	118238	1	1	1	1	0	23
MIKF01000057.1	119486	119546	2	2	1	1	0	19
MIKF01000057.1	131314	131361	1	1	1	1	0	44
MIKF01000057.1	132917	132976	1	1	1	1	0	16
MIKF01000057.1	141925	141973	1	1	1	1	0	6
MIKF01000058.1	21309	21354	2	2	1	2	0	47
MIKF01000058.1	22130	22177	1	1	1	1	0	38
MIKF01000058.1	39952	39996	2	2	1	2	0	17
MIKF01000058.1	116209	116259	1	1	1	1	0	25
MIKF01000058.1	127797	127861	1	1	1	4	0	34
MIKF01000058.1	127896	127970	1	1	1	6	0	36
MIKF01000058.1	128100	128159	1	1	1	5	0	46
MIKF01000580.1	14677	15713	2	2	1	1	0	31
MIKF01000581.1	15889	15953	2	2	1	1	0	10
MIKF01000585.1	1050	1115	1	1	1	3	0	44
MIKF01000585.1	1801	1855	1	1	1	7	0	36
MIKF01000585.1	16548	16596	2	2	1	1	0	13
MIKF01000588.1	239	513	1	1	0	2	0	46
MIKF01000588.1	1020	1135	1	1	1	1	0	46
MIKF01000588.1	1367	1576	1	1	1	1	0	49
MIKF01000591.1	3427	3553	1	1	0	10	0	20
MIKF01000591.1	3639	3705	1	1	0	35	0	49
MIKF01000591.1	14764	14841	1	1	1	1	0	34
MIKF01000591.1	16360	16415	1	1	1	1	0	29
MIKF01000591.1	16954	17022	1	1	1	1	0	40
MIKF01000592.1	6231	6283	2	2	1	2	0	35
MIKF01000594.1	6156	6207	2	2	1	2	0	23
MIKF01000597.1	17831	17880	1	1	1	1	0	8
MIKF01000598.1	1431	1481	2	2	1	4	0	48
MIKF01000598.1	1700	1834	2	2	1	1	0	20
MIKF01000598.1	1905	2163	2	2	1	1	0	36
MIKF01000006.1	89377	89429	1	1	1	1	0	16
MIKF01000006.1	208836	208888	1	1	1	6	0	38
MIKF01000060.1	87814	87866	2	2	1	2	0	48
MIKF01000060.1	108041	108090	2	2	1	1	0	16
MIKF01000060.1	108132	108181	2	2	1	1	0	41
MIKF01000602.1	785	839	2	2	1	2	0	13
MIKF01000602.1	853	910	2	2	1	2	0	13
MIKF01000602.1	11541	11595	1	1	1	1	0	33
MIKF01000603.1	2903	2958	1	1	1	1	0	29
MIKF01000605.1	6656	7027	2	2	1	2	0	39
MIKF01000606.1	5091	5140	2	2	1	1	0	9
MIKF01000606.1	10089	10141	1	1	1	8	0	44
MIKF01000606.1	10215	10306	1	1	1	2	0	4
MIKF01000606.1	10468	10525	1	1	1	4	0	48
MIKF01000607.1	1416	1465	1	1	1	1	0	15
MIKF01000607.1	13421	13485	1	1	1	1	0	36
MIKF01000607.1	13522	13575	1	1	1	1	0	24
MIKF01000607.1	13714	13765	1	1	1	4	0	33
MIKF01000607.1	14629	14687	2	2	1	2	0	24
MIKF01000608.1	3826	3883	2	2	1	1	0	49
MIKF01000608.1	6581	6710	1	1	1	4	0	46
MIKF01000608.1	6823	6929	1	1	1	2	0	30
MIKF01000608.1	7068	7120	1	1	1	1	0	36
MIKF01000608.1	7284	7343	1	1	1	9	0	47
MIKF01000608.1	8935	8998	2	2	1	1	0	28
MIKF01000061.1	123360	123401	1	1	1	1	0	33
MIKF01000611.1	14640	14696	2	2	1	1	0	27
MIKF01000611.1	14997	15227	2	2	1	1	0	22
MIKF01000614.1	1808	1868	1	1	1	1	0	33
MIKF01000615.1	10546	10603	2	2	1	15	0	47
MIKF01000615.1	10741	10817	2	2	1	8	0	44
MIKF01000615.1	12404	12509	1	1	1	16	3	17
MIKF01000615.1	12648	12700	1	1	1	14	0	26
MIKF01000617.1	1750	1806	2	2	1	1	0	5
MIKF01000062.1	49932	50203	2	2	1	4	0	43
MIKF01000062.1	50298	50378	2	2	1	3	0	44
MIKF01000062.1	84658	84713	1	1	1	1	0	29
MIKF01000062.1	120615	120685	2	2	1	2	0	36
MIKF01000062.1	120978	121057	2	2	1	2	0	19
MIKF01000062.1	121077	121174	2	2	1	2	0	19
MIKF01000062.1	132907	132989	1	1	1	1	0	23
MIKF01000619.1	8819	8868	2	2	1	1	0	15
MIKF01000620.1	6782	6838	2	2	1	2	0	26
MIKF01000620.1	10416	10476	1	1	1	5	0	41
MIKF01000621.1	6888	6939	2	2	1	2	0	32
MIKF01000625.1	2715	2776	1	1	1	2	0	44
MIKF01000626.1	1451	1512	2	2	1	2	0	50
MIKF01000628.1	987	1039	1	1	1	6	0	41
MIKF01000063.1	62963	63139	1	1	0	6	0	44
MIKF01000063.1	63215	63281	1	1	1	10	0	37
MIKF01000063.1	84474	84528	2	2	1	11	0	37
MIKF01000063.1	84697	84880	2	2	1	4	0	41
MIKF01000063.1	85244	85333	2	2	1	2	0	34
MIKF01000063.1	85421	85590	2	2	1	2	0	20
MIKF01000063.1	93282	93332	2	2	1	3	0	34
MIKF01000063.1	98545	98612	1	1	1	1	0	36
MIKF01000063.1	115592	115647	2	2	1	1	0	25
MIKF01000063.1	121379	121453	1	1	1	1	0	38
MIKF01000063.1	121632	121686	1	1	1	1	0	49
MIKF01000063.1	121942	122071	1	1	1	2	0	20
MIKF01000063.1	131199	131254	1	1	1	1	0	42
MIKF01000629.1	6915	6961	1	1	1	1	0	37
MIKF01000632.1	12790	12881	2	2	1	11	0	45
MIKF01000632.1	12972	13030	2	2	1	6	0	50
MIKF01000632.1	13140	13273	2	2	1	2	0	30
MIKF01000634.1	13417	13476	2	2	1	1	0	16
MIKF01000634.1	13564	13710	2	2	1	1	0	30
MIKF01000634.1	13794	13842	2	2	1	1	0	38
MIKF01000634.1	14178	14512	2	2	1	4	0	38
MIKF01000634.1	14642	14702	2	2	1	2	0	26
MIKF01000064.1	10284	10335	1	1	1	2	0	47
MIKF01000064.1	28249	28318	1	1	1	1	0	22
MIKF01000064.1	28367	28816	1	1	1	1	0	31
MIKF01000064.1	35506	35571	2	2	1	1	0	35
MIKF01000064.1	59671	59719	2	2	1	1	0	45
MIKF01000064.1	60176	60234	2	2	1	2	0	49
MIKF01000064.1	84475	84522	1	1	1	1	0	49
MIKF01000064.1	84635	84682	1	1	1	1	0	3
MIKF01000064.1	89443	89639	1	1	1	1	0	5
MIKF01000065.1	3515	3561	2	2	1	2	0	18
MIKF01000065.1	3962	4009	2	2	1	1	0	45
MIKF01000065.1	37039	37090	2	2	1	7	0	41
MIKF01000065.1	37268	37324	2	2	1	7	0	49
MIKF01000065.1	38684	38733	1	1	1	1	0	12
MIKF01000065.1	65876	66051	1	1	1	1	0	12
MIKF01000065.1	66413	66468	1	1	1	2	0	42
MIKF01000065.1	86579	86630	2	2	1	2	0	31
MIKF01000065.1	86664	86721	2	2	1	4	0	33
MIKF01000065.1	123917	124043	1	1	0	9	0	42
MIKF01000065.1	124136	124206	1	1	1	5	0	47
MIKF01000065.1	124282	124380	1	1	1	2	0	32
MIKF01000065.1	132064	132163	1	1	1	4	0	42
MIKF01000065.1	132422	132482	1	1	1	4	0	46
MIKF01000655.1	12376	12439	2	2	1	1	0	45
MIKF01000066.1	36744	36801	1	1	1	1	0	25
MIKF01000660.1	11143	11192	1	3	1	2	0	22
MIKF01000662.1	9681	9728	2	2	1	9	0	44
MIKF01000662.1	10054	10104	2	2	1	6	0	33
MIKF01000662.1	10226	10283	2	2	1	4	0	34
MIKF01000662.1	10318	10373	2	2	1	3	0	26
MIKF01000067.1	7644	7699	2	4	1	1	0	20
MIKF01000067.1	12895	12940	2	2	1	1	0	7
MIKF01000067.1	65459	65618	1	1	1	1	0	42
MIKF01000067.1	108430	108490	2	2	1	6	0	27
MIKF01000067.1	108696	108780	2	2	1	6	0	26
MIKF01000067.1	117751	117808	2	2	1	4	0	42
MIKF01000067.1	129455	129509	2	2	1	1	0	26
MIKF01000067.1	129813	130019	2	2	1	1	0	5
MIKF01000067.1	134869	134916	2	2	0	1	0	36
MIKF01000067.1	135131	135459	2	2	0	1	0	36
MIKF01000674.1	2123	2172	2	2	1	2	0	36
MIKF01000068.1	15784	15830	2	2	1	1	0	36
MIKF01000068.1	52014	52063	1	1	1	1	0	35
MIKF01000068.1	53288	53340	1	1	1	2	0	36
MIKF01000068.1	96709	96766	1	1	1	1	0	16
MIKF01000068.1	97595	97648	1	1	1	2	0	10
MIKF01000068.1	100680	100742	1	1	1	2	0	19
MIKF01000068.1	101498	101550	1	1	1	6	0	48
MIKF01000068.1	141344	141402	2	2	1	1	0	35
MIKF01000692.1	11484	11602	2	2	1	1	0	42
MIKF01000007.1	316931	316987	1	1	1	2	0	36
MIKF01000007.1	317188	317247	1	1	1	2	0	36
MIKF01000070.1	26011	26062	2	2	1	1	0	28
MIKF01000070.1	51797	51847	2	2	1	1	0	9
MIKF01000070.1	70681	70733	2	2	1	2	0	41
MIKF01000070.1	70806	70863	2	2	1	1	0	28
MIKF01000070.1	112336	112390	2	2	1	2	0	7
MIKF01000070.1	128321	128378	2	2	1	1	0	7
MIKF01000702.1	9612	9662	1	1	1	2	0	43
MIKF01000071.1	1047	1098	1	1	1	1	0	44
MIKF01000071.1	8776	8972	1	1	1	11	0	43
MIKF01000071.1	9091	9288	1	1	1	1	0	38
MIKF01000071.1	35686	35739	2	2	1	2	0	37
MIKF01000071.1	35790	35852	2	2	1	3	0	48
MIKF01000071.1	74789	74868	1	1	1	2	0	50
MIKF01000071.1	75157	75208	1	1	1	6	0	49
MIKF01000709.1	7408	7460	1	1	1	2	0	50
MIKF01000716.1	1691	1736	2	2	0	1	0	28
MIKF01000717.1	2786	2841	1	1	1	1	0	38
MIKF01000072.1	14246	14288	2	2	1	2	0	44
MIKF01000072.1	14386	14428	2	2	1	2	0	41
MIKF01000072.1	58742	58797	2	2	1	2	0	20
MIKF01000072.1	58981	84985	1	1	0	2	0	16
MIKF01000727.1	8804	9068	2	2	1	1	0	40
MIKF01000728.1	687	752	1	1	1	1	0	41
MIKF01000735.1	2330	2411	2	2	1	1	0	21
MIKF01000735.1	2617	2691	2	2	1	2	0	33
MIKF01000074.1	84195	84241	2	2	1	2	0	37
MIKF01000074.1	107412	107461	1	1	1	1	0	38
MIKF01000074.1	107569	107619	1	1	1	2	0	10
MIKF01000074.1	107946	107996	1	1	1	3	0	50
MIKF01000074.1	108181	108253	1	1	1	2	0	32
MIKF01000074.1	108674	108735	1	1	1	1	0	16
MIKF01000074.1	123902	123951	1	1	1	2	0	46
MIKF01000739.1	5117	5174	1	1	1	1	0	12
MIKF01000740.1	581	650	1	1	1	2	0	25
MIKF01000747.1	1449	1566	2	2	1	2	0	25
MIKF01000747.1	1726	1884	2	2	1	3	0	27
MIKF01000753.1	280	330	1	1	1	1	0	35
MIKF01000076.1	26923	26995	2	2	1	2	0	37
MIKF01000076.1	27292	27377	2	2	1	2	0	22
MIKF01000076.1	54122	54180	1	1	1	1	0	44
MIKF01000076.1	56955	57015	1	1	1	2	0	41
MIKF01000077.1	5372	5429	1	1	1	1	0	42
MIKF01000077.1	5472	5529	1	1	1	1	0	7
MIKF01000077.1	6242	6294	2	2	1	10	0	42
MIKF01000077.1	6588	6699	2	2	1	4	0	48
MIKF01000077.1	8940	9012	1	1	1	8	0	42
MIKF01000077.1	9085	9144	1	1	1	5	0	46
MIKF01000077.1	14012	14062	1	1	1	2	0	11
MIKF01000077.1	45594	45648	1	1	1	2	0	48
MIKF01000077.1	50516	50628	2	2	1	1	0	34
MIKF01000077.1	60078	60141	2	2	1	1	0	29
MIKF01000077.1	60207	60325	2	2	1	0	1	8
MIKF01000077.1	68800	68854	2	2	1	2	0	24
MIKF01000077.1	69292	69359	2	2	1	1	0	27
MIKF01000077.1	69629	69684	2	2	1	2	0	36
MIKF01000077.1	69779	69828	2	2	1	2	0	10
MIKF01000077.1	70009	70071	2	2	1	1	0	14
MIKF01000077.1	70406	70950	2	2	1	1	0	19
MIKF01000077.1	90124	90184	2	2	1	3	0	41
MIKF01000078.1	1144	1193	1	1	1	3	0	18
MIKF01000078.1	1362	1413	1	1	1	3	0	34
MIKF01000078.1	22214	22335	1	1	1	1	0	16
MIKF01000078.1	25225	25278	2	2	1	1	0	45
MIKF01000078.1	25477	25700	2	2	1	1	0	7
MIKF01000078.1	29800	29857	2	2	1	2	0	27
MIKF01000078.1	29886	29944	2	2	1	1	0	28
MIKF01000078.1	44494	44548	1	1	1	1	0	18
MIKF01000078.1	46233	46280	2	2	1	1	0	46
MIKF01000078.1	46429	46477	2	2	1	1	0	28
MIKF01000078.1	46610	46732	2	2	1	1	0	5
MIKF01000078.1	46754	46812	2	2	1	1	0	21
MIKF01000078.1	73320	73370	1	1	1	1	0	14
MIKF01000078.1	127712	127759	1	1	1	1	0	12
MIKF01000078.1	127772	127826	1	1	1	1	0	12
MIKF01000787.1	2406	2457	2	2	1	3	0	43
MIKF01000793.1	524	683	1	1	1	2	0	48
MIKF01000793.1	867	939	1	1	1	3	0	48
MIKF01000008.1	86375	86443	1	1	0	1	0	16
MIKF01000008.1	179297	200895	2	2	0	1	0	23
MIKF01000008.1	190297	190343	1	1	1	2	0	23
MIKF01000008.1	201092	201138	2	2	1	17	1	34
MIKF01000008.1	201525	201571	2	2	1	21	0	44
MIKF01000008.1	203147	203203	1	1	1	8	0	41
MIKF01000008.1	230333	230377	1	1	1	2	0	47
MIKF01000008.1	255635	255683	1	1	1	2	0	15
MIKF01000008.1	256685	256729	1	1	1	1	0	25
MIKF01000080.1	17492	17636	1	1	1	1	0	12
MIKF01000080.1	59583	59638	1	1	1	2	0	41
MIKF01000080.1	78237	78321	2	2	1	1	0	31
MIKF01000080.1	90345	90416	2	2	1	1	0	28
MIKF01000080.1	104761	104811	2	2	1	1	0	49
MIKF01000080.1	121181	121230	2	2	1	2	0	45
MIKF01000800.1	1307	1722	0	0	0	20	1	43
MIKF01000081.1	31333	31387	1	1	1	1	0	5
MIKF01000081.1	46172	66613	1	1	0	1	0	19
MIKF01000810.1	260	346	1	1	1	2	0	7
MIKF01000812.1	6589	6650	1	1	1	1	0	35
MIKF01000817.1	1626	1936	1	1	0	13	0	35
MIKF01000817.1	1867	1936	1	1	1	1	0	33
MIKF01000817.1	2062	2121	1	1	1	19	0	49
MIKF01000082.1	7355	7404	2	2	1	2	0	25
MIKF01000082.1	8066	8132	2	2	1	2	0	19
MIKF01000082.1	41530	41691	2	2	0	2	0	38
MIKF01000082.1	42146	42205	1	1	1	6	0	48
MIKF01000082.1	42361	42555	1	1	1	5	0	43
MIKF01000082.1	68687	68769	2	2	1	1	0	27
MIKF01000082.1	69670	69803	2	2	1	2	0	44
MIKF01000082.1	114968	115026	2	2	1	2	0	37
MIKF01000082.1	120242	120412	1	1	1	9	0	45
MIKF01000082.1	120520	120633	1	1	1	9	1	45
MIKF01000082.1	120713	125377	1	1	0	0	1	12
MIKF01000082.1	127261	127328	2	2	1	1	0	7
MIKF01000819.1	4274	4536	1	1	1	2	0	29
MIKF01000819.1	4615	4676	1	1	1	2	0	32
MIKF01000819.1	5102	5156	1	1	1	4	0	47
MIKF01000083.1	99076	99135	1	1	1	2	0	41
MIKF01000853.1	651	708	1	1	1	2	0	19
MIKF01000086.1	12860	12949	1	1	1	2	0	46
MIKF01000086.1	65031	65081	1	1	1	2	0	29
MIKF01000087.1	43357	43406	2	2	1	1	0	4
MIKF01000087.1	79545	79603	2	2	1	18	0	44
MIKF01000087.1	79868	79955	2	2	1	1	0	13
MIKF01000087.1	82335	82390	1	1	1	2	0	34
MIKF01000087.1	88045	88133	2	2	1	1	0	22
MIKF01000087.1	88289	88362	2	2	1	2	0	42
MIKF01000087.1	88416	88481	2	2	1	1	0	32
MIKF01000087.1	96470	96640	1	1	1	4	0	45
MIKF01000087.1	96859	96918	1	1	1	1	0	25
MIKF01000087.1	113121	113182	2	2	1	1	0	4
MIKF01000087.1	115647	115755	2	2	1	2	0	9
MIKF01000871.1	2078	2133	2	2	1	1	0	28
MIKF01000088.1	12176	12235	2	2	1	1	0	34
MIKF01000088.1	91391	91440	1	1	1	2	0	46
MIKF01000088.1	102743	102813	1	1	1	1	0	11
MIKF01000088.1	121797	121850	2	2	1	1	0	21
MIKF01000089.1	41653	41702	2	2	1	1	0	33
MIKF01000089.1	86663	86713	1	1	1	2	0	39
MIKF01000089.1	91856	91905	1	1	1	1	0	47
MIKF01000895.1	4017	4070	2	2	1	2	0	22
MIKF01000090.1	54674	54724	2	4	1	1	0	31
MIKF01000090.1	82343	82431	2	2	1	15	0	50
MIKF01000090.1	82658	82746	2	2	1	3	0	23
MIKF01000090.1	82887	83119	2	2	1	4	0	50
MIKF01000090.1	96889	96940	1	1	1	1	0	12
MIKF01000090.1	97951	98011	2	2	1	1	0	6
MIKF01000090.1	98348	98680	2	2	1	3	0	29
MIKF01000090.1	103197	103303	2	2	1	4	0	43
MIKF01000090.1	103370	103468	2	2	1	2	0	38
MIKF01000090.1	103714	103783	2	2	1	1	0	33
MIKF01000090.1	105933	106003	1	1	1	2	0	6
MIKF01000090.1	106212	106268	1	1	1	1	0	38
MIKF01000090.1	115310	115362	2	2	1	3	0	41
MIKF01000090.1	116017	116082	1	1	1	3	0	37
MIKF01000090.1	116123	116340	1	1	1	5	0	40
MIKF01000090.1	116727	116776	1	1	1	4	0	41
MIKF01000090.1	121215	121263	1	1	1	1	0	6
MIKF01000091.1	6115	6193	1	1	1	3	0	11
MIKF01000091.1	65277	65323	2	2	1	2	0	18
MIKF01000091.1	92767	92817	1	1	1	1	0	13
MIKF01000091.1	93177	93241	1	1	1	1	0	8
MIKF01000091.1	98081	98129	1	1	1	1	0	27
MIKF01000092.1	98800	98847	2	2	1	1	0	18
MIKF01000932.1	4202	4249	1	1	1	1	0	26
MIKF01000093.1	25986	26170	1	1	1	1	0	49
MIKF01000093.1	29146	29194	2	2	1	2	0	40
MIKF01000093.1	51177	51247	2	2	1	1	0	30
MIKF01000093.1	51377	51431	2	2	1	1	0	42
MIKF01000093.1	53346	53409	1	1	1	1	0	13
MIKF01000093.1	53438	53508	1	1	1	1	0	28
MIKF01000093.1	114266	114318	2	2	1	1	0	40
MIKF01000093.1	114503	114657	2	2	1	2	0	29
MIKF01000093.1	114688	114817	2	2	1	2	0	30
MIKF01000094.1	25652	25709	1	1	1	5	0	32
MIKF01000094.1	25808	25860	1	1	1	1	0	48
MIKF01000957.1	183	237	2	2	1	2	0	29
MIKF01000096.1	35788	35873	2	2	1	1	0	44
MIKF01000096.1	85380	85426	2	2	1	2	0	19
MIKF01000096.1	94869	95006	2	2	1	1	0	32
MIKF01000096.1	119550	119607	2	2	1	2	0	46
MIKF01000096.1	120548	120602	2	2	1	1	0	32
MIKF01000974.1	1961	2390	1	1	1	2	0	47
MIKF01000097.1	34235	34285	2	2	1	1	0	34
MIKF01000097.1	40310	40357	2	2	1	2	0	26
MIKF01000097.1	55638	55684	1	1	1	1	0	20
MIKF01000097.1	58181	58243	2	2	1	16	0	46
MIKF01000097.1	58295	58414	2	2	1	4	0	30
MIKF01000097.1	58445	58498	2	2	1	5	0	21
MIKF01000097.1	64447	64497	2	2	1	1	0	17
MIKF01000097.1	82424	82473	1	1	1	1	0	39
MIKF01000097.1	84673	84721	2	2	1	1	0	39
MIKF01000098.1	54328	54389	2	2	1	15	0	47
MIKF01000098.1	54555	54827	2	2	1	12	0	18
MIKF01000098.1	54846	54905	2	2	1	11	0	18
MIKF01000098.1	60622	60762	2	2	0	1	0	39
MIKF01000098.1	62401	62517	1	1	1	3	0	41
MIKF01000306.1	41883	43876	1	1	0	1	0	49
