MIKF01000001.1	90573	90622	2	2	1	1	0	24
MIKF01000010.1	291365	291412	1	1	1	1	0	17
MIKF01000099.1	89076	89153	1	1	0	2	0	36
MIKF01000099.1	101855	101906	1	1	1	2	0	48
MIKF01000100.1	100310	100368	2	2	1	1	0	12
MIKF01000100.1	117960	118012	2	2	1	2	0	43
MIKF01001021.1	854	904	2	2	1	4	0	48
MIKF01000102.1	53123	53178	2	4	1	2	0	46
MIKF01000102.1	54613	54664	2	2	1	1	0	26
MIKF01000102.1	56153	56235	2	2	1	2	0	25
MIKF01000102.1	69260	69314	2	2	1	1	0	15
MIKF01000102.1	69330	69385	2	2	1	1	0	15
MIKF01000102.1	71141	71201	1	1	1	1	0	25
MIKF01000103.1	81732	81784	2	2	1	1	0	38
MIKF01000104.1	51351	51414	2	2	1	1	0	27
MIKF01000104.1	51728	51874	2	2	1	4	0	44
MIKF01000104.1	52594	52802	1	1	1	2	0	26
MIKF01000104.1	60100	60159	2	2	1	2	0	43
MIKF01000105.1	23273	23328	2	2	1	3	0	4
MIKF01000105.1	88311	88367	2	2	1	1	0	15
MIKF01000105.1	90570	90710	1	1	1	1	0	15
MIKF01000105.1	90899	90959	1	1	1	1	0	31
MIKF01000106.1	112352	112405	2	2	1	3	0	39
MIKF01000107.1	37478	37541	2	2	1	1	0	23
MIKF01000011.1	9985	10047	2	2	1	1	0	35
MIKF01000109.1	67221	67310	1	1	1	2	0	46
MIKF01000110.1	60558	60611	1	1	1	1	0	8
MIKF01000110.1	90220	90270	1	1	1	1	0	39
MIKF01000111.1	10652	10702	1	1	1	1	0	37
MIKF01000111.1	39919	39985	1	1	1	1	0	43
MIKF01000112.1	82173	82222	1	1	1	1	0	19
MIKF01000113.1	28555	28610	2	2	1	2	0	47
MIKF01000113.1	79239	79294	2	2	1	1	0	34
MIKF01000113.1	79329	79388	2	2	1	1	0	11
MIKF01000115.1	90897	90946	2	2	1	1	0	33
MIKF01000116.1	94330	94388	1	1	1	1	0	12
MIKF01000118.1	2242	2290	1	1	1	1	0	44
MIKF01000118.1	14134	14188	1	1	1	2	0	29
MIKF01000118.1	65588	65703	1	1	1	1	0	25
MIKF01000118.1	66127	66262	1	1	1	4	0	12
MIKF01000119.1	15161	15212	2	2	1	8	0	46
MIKF01000119.1	23107	23167	1	1	1	1	0	6
MIKF01000119.1	49504	49554	1	1	1	4	0	48
MIKF01000119.1	74136	74192	2	2	1	4	0	35
MIKF01000120.1	60768	60869	2	2	1	1	0	48
MIKF01000120.1	74866	74930	1	1	1	2	0	31
MIKF01000120.1	75021	75103	1	1	1	3	0	17
MIKF01000121.1	76821	76873	2	2	1	1	0	10
MIKF01000122.1	32193	32241	1	1	1	1	0	41
MIKF01000122.1	81601	81651	2	2	0	2	0	49
MIKF01001231.1	831	891	2	2	0	2	0	34
MIKF01000123.1	51008	51150	2	2	1	1	0	42
MIKF01000123.1	105091	105167	2	2	1	3	0	39
MIKF01000123.1	105650	105884	2	2	1	2	0	22
MIKF01000124.1	40436	40499	2	2	1	2	0	45
MIKF01000124.1	40571	40634	2	2	1	1	0	14
MIKF01000125.1	50145	50199	2	2	1	3	0	10
MIKF01000125.1	89905	89960	1	1	1	1	0	25
MIKF01000125.1	93928	94214	2	2	1	2	0	24
MIKF01000126.1	14382	14476	2	2	1	2	0	17
MIKF01000126.1	14494	14559	2	2	1	2	0	16
MIKF01000126.1	49695	49839	2	2	1	2	0	26
MIKF01000126.1	74001	74058	2	2	1	2	0	27
MIKF01000126.1	74307	74564	2	2	1	1	0	11
MIKF01000127.1	68361	68408	1	1	1	2	0	40
MIKF01000127.1	79285	79345	2	2	1	1	0	4
MIKF01000013.1	32496	32549	1	1	1	2	0	40
MIKF01000013.1	132491	132546	1	1	1	2	0	33
MIKF01000129.1	77739	77793	1	1	1	1	0	9
MIKF01000129.1	82983	83032	1	1	1	1	0	16
MIKF01000129.1	86859	86904	1	1	1	2	0	29
MIKF01000132.1	63715	63767	1	1	1	1	0	11
MIKF01000132.1	63796	63848	1	1	1	1	0	28
MIKF01000135.1	71567	71650	2	2	1	2	0	27
MIKF01000137.1	62126	62188	2	2	1	3	0	29
MIKF01000137.1	62231	62289	2	2	1	2	0	40
MIKF01000137.1	95243	95295	1	1	1	1	0	21
MIKF01000138.1	49076	49131	1	1	1	2	0	10
MIKF01000138.1	49403	49459	1	1	1	2	0	11
MIKF01000138.1	88481	88532	1	1	1	4	0	37
MIKF01000138.1	88633	88683	1	1	1	6	0	40
MIKF01000014.1	41821	41878	2	2	1	1	0	23
MIKF01000014.1	87098	87147	2	2	1	2	0	37
MIKF01000139.1	739	789	1	1	1	4	0	33
MIKF01000139.1	73657	73704	2	2	1	1	0	23
MIKF01000140.1	75901	75951	1	1	1	2	0	15
MIKF01000144.1	35727	35783	1	1	1	2	0	7
MIKF01000144.1	74375	74426	2	2	1	6	0	46
MIKF01000145.1	33425	33475	2	2	1	1	0	25
MIKF01000145.1	37479	37528	2	2	1	1	0	9
MIKF01000145.1	45364	45411	2	2	1	2	0	46
MIKF01000147.1	49066	49121	1	1	1	1	0	44
MIKF01000147.1	84897	84949	1	1	1	1	0	23
MIKF01000147.1	85431	85481	1	1	1	4	0	42
MIKF01000148.1	34563	34612	2	2	1	2	0	26
MIKF01000150.1	82272	82315	1	1	1	1	0	10
MIKF01000151.1	61034	61093	1	1	1	2	0	45
MIKF01000152.1	27722	27790	2	2	1	2	0	49
MIKF01000152.1	27872	27935	2	2	1	2	0	27
MIKF01000155.1	13519	13586	1	1	1	2	0	32
MIKF01000155.1	24194	24338	2	2	1	2	0	43
MIKF01000155.1	24404	24477	2	2	1	2	0	46
MIKF01000155.1	46012	46661	1	1	1	1	0	27
MIKF01000155.1	49047	49104	1	1	1	3	0	36
MIKF01000155.1	68216	68332	2	2	1	1	0	16
MIKF01000158.1	7207	7259	1	1	1	1	0	13
MIKF01000158.1	14403	14505	2	2	1	2	0	35
MIKF01000016.1	68270	68321	2	2	1	1	0	14
MIKF01000016.1	68527	68577	2	2	1	2	0	47
MIKF01000016.1	199941	200010	1	1	1	1	0	7
MIKF01000016.1	200097	200194	1	1	1	4	0	39
MIKF01000016.1	200352	200403	1	1	1	2	0	10
MIKF01000016.1	242693	242741	2	2	1	1	0	8
MIKF01000016.1	262249	262366	2	2	1	2	0	44
MIKF01000016.1	264993	265056	1	1	1	2	0	16
MIKF01000016.1	265073	265180	1	1	1	1	0	6
MIKF01000016.1	265244	265301	1	1	1	1	0	48
MIKF01000159.1	1544	1597	2	2	1	2	0	31
MIKF01000159.1	18195	18255	1	1	1	1	0	19
MIKF01000160.1	75606	75661	1	1	1	1	0	14
MIKF01000161.1	18891	18943	2	2	1	1	0	16
MIKF01000161.1	19004	19056	2	2	1	2	0	41
MIKF01000161.1	19099	19150	2	2	1	1	0	42
MIKF01000161.1	68141	68193	2	2	1	1	0	5
MIKF01000162.1	16171	16237	1	1	1	2	0	39
MIKF01000164.1	13372	13419	1	1	1	3	0	15
MIKF01000164.1	64548	64594	1	1	1	3	0	43
MIKF01000164.1	79446	79491	2	2	1	1	0	22
MIKF01000164.1	79832	79876	2	2	1	1	0	33
MIKF01000167.1	14054	14119	2	2	1	2	0	31
MIKF01000167.1	14151	14295	2	2	1	1	0	12
MIKF01000167.1	14339	14458	2	2	1	1	0	29
MIKF01000167.1	42317	42386	1	1	1	1	0	32
MIKF01000167.1	54945	55000	2	2	1	2	0	29
MIKF01000167.1	59979	60031	2	2	1	2	0	22
MIKF01000017.1	107647	107923	1	1	1	1	0	28
MIKF01000017.1	107952	108104	1	1	1	1	0	12
MIKF01000017.1	110364	110426	2	2	0	1	0	27
MIKF01000017.1	213609	213660	2	2	1	4	0	3
MIKF01000017.1	216036	216101	2	2	0	2	0	23
MIKF01000017.1	238110	238167	1	1	1	2	0	49
MIKF01000017.1	238326	238434	1	1	1	1	0	12
MIKF01000169.1	11460	11520	2	2	1	4	0	45
MIKF01000169.1	23583	23645	2	2	1	1	0	48
MIKF01000170.1	24488	24573	1	1	1	2	0	38
MIKF01000170.1	31479	31590	2	2	1	1	0	31
MIKF01000170.1	43918	44020	1	1	1	1	0	40
MIKF01000170.1	44061	44122	1	1	1	1	0	8
MIKF01000170.1	76864	76912	2	2	1	2	0	47
MIKF01000171.1	29720	29775	2	2	1	2	0	38
MIKF01000171.1	75865	75928	2	2	1	1	0	11
MIKF01000171.1	76192	76285	2	2	1	1	0	10
MIKF01000173.1	78014	78066	2	2	1	1	0	13
MIKF01000175.1	40665	40784	1	1	0	2	0	34
MIKF01000175.1	40910	41057	1	1	1	1	0	50
MIKF01000175.1	41363	41419	1	1	1	1	0	34
MIKF01000175.1	45027	45162	1	1	1	2	0	45
MIKF01000175.1	75679	75739	2	2	1	2	0	27
MIKF01000175.1	75861	75914	2	2	1	1	0	5
MIKF01000175.1	75972	76140	2	2	1	1	0	39
MIKF01000175.1	78719	78784	2	2	1	1	0	28
MIKF01000176.1	12748	12800	1	1	1	1	0	7
MIKF01000176.1	12810	12873	1	1	1	2	0	9
MIKF01000179.1	75178	75263	2	2	1	1	0	29
MIKF01000180.1	56324	56383	1	1	1	4	0	43
MIKF01000180.1	57022	57073	1	1	1	1	0	4
MIKF01000180.1	60232	60286	2	2	1	2	0	48
MIKF01000183.1	58970	59019	1	1	1	1	0	48
MIKF01000183.1	72808	72862	1	1	1	1	0	17
MIKF01000184.1	5313	5364	1	1	1	3	0	42
MIKF01000185.1	64349	64409	1	1	0	1	0	28
MIKF01000188.1	30964	31043	2	2	1	1	0	24
MIKF01000188.1	31110	31164	2	2	1	1	0	10
MIKF01000188.1	31536	31597	1	1	1	1	0	4
MIKF01000188.1	31666	31723	1	1	1	3	0	44
MIKF01000188.1	31772	31879	1	1	1	1	0	14
MIKF01000188.1	77820	77869	1	1	1	2	0	43
MIKF01000019.1	40496	40550	2	2	1	3	0	34
MIKF01000019.1	40735	40821	2	2	1	1	0	12
MIKF01000019.1	40874	40962	2	2	1	1	0	37
MIKF01000019.1	41160	41285	2	2	0	6	0	46
MIKF01000019.1	45880	46893	1	1	0	1	0	13
MIKF01000019.1	73316	73367	2	2	0	6	0	33
MIKF01000019.1	158665	158719	2	2	1	1	0	33
MIKF01000019.1	171115	171216	1	1	1	1	0	27
MIKF01000189.1	30536	30656	2	2	1	1	0	36
MIKF01000189.1	30994	31206	2	2	1	1	0	36
MIKF01000189.1	48210	48258	1	1	1	2	0	3
MIKF01000189.1	59426	59494	1	1	1	1	0	21
MIKF01000190.1	41301	41450	1	1	1	2	0	19
MIKF01000190.1	49966	50029	2	2	1	1	0	12
MIKF01000190.1	69395	69444	1	1	1	1	0	27
MIKF01000190.1	74261	74361	1	3	1	3	0	46
MIKF01000190.1	74746	74801	1	1	1	1	0	20
MIKF01000190.1	74900	74955	1	1	1	6	0	46
MIKF01000192.1	3527	3642	1	1	0	1	0	50
MIKF01000192.1	36780	36828	2	2	1	1	0	22
MIKF01000193.1	38050	38238	1	1	1	1	0	12
MIKF01000195.1	49518	49770	2	2	1	2	0	48
MIKF01000195.1	49895	49979	2	2	1	4	0	48
MIKF01000195.1	68902	68953	2	2	1	1	0	46
MIKF01000195.1	69291	69413	2	2	1	2	0	5
MIKF01000198.1	44178	44235	2	2	0	2	0	50
MIKF01000198.1	62075	62591	1	1	1	2	0	19
MIKF01000198.1	62611	62733	1	1	1	2	0	19
MIKF01000002.1	162363	162428	2	2	1	2	0	27
MIKF01000002.1	266796	266852	1	1	1	1	0	41
MIKF01000002.1	266908	266976	1	1	1	1	0	4
MIKF01000020.1	17136	17182	1	1	1	2	0	5
MIKF01000020.1	55720	55820	1	1	1	1	0	31
MIKF01000201.1	51562	51652	1	1	1	2	0	41
MIKF01000201.1	54109	54160	2	2	1	8	0	29
MIKF01000201.1	54231	54289	2	2	1	4	0	24
MIKF01000201.1	63572	63663	2	2	1	2	0	49
MIKF01000201.1	63865	63923	2	2	1	2	0	32
MIKF01000201.1	70806	70864	1	1	1	1	0	37
MIKF01000202.1	58544	58599	1	1	1	1	0	18
MIKF01000204.1	40561	40613	2	2	1	1	0	44
MIKF01000205.1	11478	11661	2	2	1	1	0	14
MIKF01000205.1	50578	50686	2	2	1	2	0	14
MIKF01000205.1	50759	50931	2	2	1	4	0	36
MIKF01000206.1	16707	16773	2	2	1	1	0	48
MIKF01000206.1	44723	44769	2	2	0	2	0	30
MIKF01000206.1	44822	44966	2	2	0	3	0	18
MIKF01000021.1	47014	47062	1	1	1	2	0	34
MIKF01000210.1	38545	38591	1	1	1	2	0	23
MIKF01000212.1	59715	60145	1	1	1	7	0	34
MIKF01000212.1	62107	62152	2	2	1	1	0	7
MIKF01000214.1	4636	4924	1	1	1	2	0	36
MIKF01000214.1	4978	5035	1	1	1	3	0	39
MIKF01000214.1	5329	5382	1	1	1	1	0	41
MIKF01000215.1	50948	50999	1	1	1	2	0	30
MIKF01000216.1	8408	8460	1	1	1	1	0	40
MIKF01000216.1	28344	28478	2	2	1	2	0	49
MIKF01000217.1	20538	20592	1	1	1	1	0	26
MIKF01000217.1	54875	55010	2	2	1	2	0	41
MIKF01000022.1	141965	142010	2	2	1	2	0	47
MIKF01000220.1	53949	54003	1	1	1	2	0	49
MIKF01000221.1	41483	41552	2	2	1	1	0	45
MIKF01000222.1	71612	71660	2	4	1	1	0	41
MIKF01000222.1	71865	71916	2	2	1	2	0	44
MIKF01000226.1	24110	24165	2	2	1	3	0	48
MIKF01000227.1	642	1094	1	1	1	1	0	38
MIKF01000227.1	17356	17411	2	2	1	3	0	39
MIKF01000227.1	30159	30217	2	2	1	1	0	49
MIKF01000228.1	18612	18670	1	1	1	1	0	28
MIKF01000228.1	53913	53960	2	2	1	1	0	22
MIKF01000023.1	37851	37904	2	2	1	7	0	41
MIKF01000023.1	53853	53901	2	2	1	1	0	19
MIKF01000232.1	61295	61346	2	2	1	2	0	26
MIKF01000232.1	70729	70792	1	1	1	2	0	44
MIKF01000233.1	48799	48850	1	1	1	1	0	47
MIKF01000235.1	1072	1143	1	1	1	2	0	48
MIKF01000235.1	13466	13520	2	2	1	1	0	10
MIKF01000236.1	33856	33943	1	1	1	1	0	7
MIKF01000237.1	31912	31959	2	2	1	1	0	19
MIKF01000238.1	37546	37609	1	1	1	1	0	22
MIKF01000024.1	7215	7270	2	2	1	1	0	49
MIKF01000024.1	7402	7479	2	2	1	1	0	48
MIKF01000024.1	85459	85505	1	1	1	1	0	30
MIKF01000024.1	118232	118283	1	1	1	1	0	25
MIKF01000024.1	122312	122364	2	2	1	1	0	44
MIKF01000024.1	135282	135330	1	1	1	1	0	50
MIKF01000024.1	137160	137257	1	1	1	2	0	41
MIKF01000024.1	163924	163982	1	1	1	1	0	22
MIKF01000024.1	192271	192326	2	2	1	2	0	4
MIKF01000024.1	192388	192473	2	2	1	2	0	36
MIKF01000239.1	11234	11303	1	1	1	1	0	24
MIKF01000239.1	11406	11474	1	1	1	1	0	21
MIKF01000240.1	16795	16851	1	1	1	2	0	43
MIKF01000242.1	9389	9482	1	1	1	1	0	37
MIKF01000244.1	6721	6775	1	1	1	2	0	24
MIKF01000245.1	12660	12708	1	1	1	2	0	32
MIKF01000246.1	56757	56815	1	1	1	2	0	43
MIKF01000246.1	56868	56920	1	1	1	3	0	38
MIKF01000246.1	57024	57090	1	1	1	2	0	31
MIKF01000025.1	129143	129190	2	2	1	7	0	49
MIKF01000025.1	129326	129375	2	2	1	11	0	49
MIKF01000025.1	144793	145140	1	1	0	1	0	28
MIKF01000249.1	56692	56741	2	2	1	2	0	33
MIKF01000250.1	36065	36118	2	2	1	4	0	35
MIKF01000250.1	46081	46188	2	2	1	5	0	42
MIKF01000251.1	10189	10238	1	3	1	1	0	11
MIKF01000252.1	35401	35493	2	2	1	1	0	45
MIKF01000252.1	49612	49662	2	2	1	1	0	24
MIKF01000253.1	45255	45304	2	2	1	1	0	20
MIKF01000253.1	45369	45422	2	2	1	2	0	28
MIKF01000253.1	45451	45504	2	2	1	1	0	10
MIKF01000254.1	4266	4321	1	1	1	1	0	30
MIKF01000254.1	6298	6347	2	2	1	2	0	38
MIKF01000256.1	1171	1232	1	1	1	1	0	28
MIKF01000256.1	1275	1331	1	1	1	2	0	30
MIKF01000260.1	4763	4811	2	2	0	2	0	44
MIKF01000260.1	41900	41950	1	1	1	1	0	49
MIKF01000260.1	49897	49958	1	1	1	1	0	46
MIKF01000261.1	36330	36381	2	2	1	2	0	24
MIKF01000261.1	36426	36568	2	2	1	1	0	44
MIKF01000261.1	40854	40904	2	2	1	4	0	8
MIKF01000264.1	49554	49605	2	2	1	0	1	39
MIKF01000265.1	19455	19504	2	2	1	1	0	3
MIKF01000265.1	19665	19713	2	2	1	1	0	12
MIKF01000265.1	41131	41183	1	1	1	4	0	48
MIKF01000266.1	58992	59068	2	2	1	2	0	10
MIKF01000268.1	34355	34404	2	2	1	2	0	48
MIKF01000268.1	46229	46277	1	1	1	2	0	10
MIKF01000268.1	61353	61401	2	2	1	1	0	12
MIKF01000268.1	61541	61805	2	2	1	3	0	16
MIKF01000268.1	61869	61974	2	2	1	3	0	48
MIKF01000273.1	13913	13985	2	2	1	1	0	30
MIKF01000274.1	48806	49077	1	1	1	6	0	42
MIKF01000274.1	49161	49212	1	1	1	4	0	13
MIKF01000275.1	35820	35869	1	1	1	1	0	49
MIKF01000028.1	82082	82130	2	2	1	1	0	22
MIKF01000028.1	114016	114060	1	1	1	2	0	28
MIKF01000028.1	165659	165710	2	2	1	2	0	14
MIKF01000028.1	165952	165999	2	2	1	1	0	26
MIKF01000282.1	23547	23603	2	2	1	2	0	23
MIKF01000282.1	23668	24194	2	2	0	2	0	27
MIKF01000286.1	26023	26075	1	1	1	2	0	34
MIKF01000287.1	1349	1400	1	1	1	2	0	11
MIKF01000287.1	16281	16329	2	2	1	1	0	14
MIKF01000288.1	16389	16439	2	2	1	1	0	22
MIKF01000290.1	33879	34595	1	1	1	5	0	46
MIKF01000290.1	35249	35351	1	1	0	1	0	16
MIKF01000290.1	35249	35354	1	1	1	1	0	32
MIKF01000291.1	38049	38098	1	1	1	2	0	16
MIKF01000294.1	6928	6980	2	2	1	2	0	5
MIKF01000294.1	19666	19717	2	2	1	1	0	26
MIKF01000294.1	37687	37744	1	1	1	1	0	28
MIKF01000294.1	57838	57888	2	2	1	2	0	42
MIKF01000297.1	16731	16786	1	1	1	2	0	48
MIKF01000297.1	25484	25535	1	1	1	1	0	41
MIKF01000297.1	25597	25646	1	1	1	1	0	31
MIKF01000297.1	47636	47831	2	2	1	1	0	12
MIKF01000298.1	12511	12569	1	1	1	2	0	50
MIKF01000298.1	38209	38260	1	1	1	1	0	32
MIKF01000003.1	98538	98631	2	2	1	1	0	47
MIKF01000003.1	116626	116685	2	2	1	2	0	41
MIKF01000030.1	30651	30697	2	2	1	1	0	43
MIKF01000030.1	31564	31624	1	1	1	1	0	29
MIKF01000030.1	139804	139859	1	1	1	2	0	30
MIKF01000030.1	140348	140395	1	1	1	2	0	22
MIKF01000030.1	140461	140513	1	1	1	2	0	14
MIKF01000302.1	23007	23271	2	2	0	1	0	44
MIKF01000302.1	45898	45949	2	2	1	2	0	38
MIKF01000304.1	17524	18045	1	1	1	2	0	14
MIKF01000304.1	46150	46203	2	2	1	1	0	11
MIKF01000304.1	53977	54128	2	2	0	1	0	20
MIKF01000031.1	1841	1887	2	2	1	2	0	5
MIKF01000031.1	1950	2003	2	2	1	4	0	34
MIKF01000031.1	73580	73767	1	1	1	1	0	14
MIKF01000031.1	73938	73989	1	1	1	4	0	48
MIKF01000031.1	74097	74146	1	1	1	5	0	42
MIKF01000031.1	160744	160822	2	2	1	1	0	44
MIKF01000031.1	174268	174639	1	1	1	4	0	33
MIKF01000031.1	174688	174752	1	1	1	6	0	42
MIKF01000031.1	175000	175062	1	1	1	1	0	28
MIKF01000312.1	14316	14387	2	2	1	1	0	3
MIKF01000312.1	14530	14580	2	2	1	1	0	49
MIKF01000312.1	14652	14708	2	2	1	2	0	44
MIKF01000312.1	14835	14991	2	2	1	2	0	16
MIKF01000312.1	15008	15082	2	2	1	1	0	16
MIKF01000312.1	20509	20640	1	1	1	1	0	4
MIKF01000312.1	20726	20785	1	1	1	1	0	11
MIKF01000312.1	22002	22057	2	2	1	4	0	34
MIKF01000313.1	40368	40467	2	4	1	1	0	27
MIKF01000316.1	19328	19527	2	2	1	1	0	17
MIKF01000318.1	44174	44224	2	2	1	1	0	8
MIKF01000032.1	153634	153683	2	2	1	1	0	20
MIKF01000320.1	23457	23506	2	2	0	2	0	43
MIKF01000320.1	23739	23787	2	2	1	2	0	32
MIKF01000320.1	24560	24622	2	2	1	1	0	31
MIKF01000322.1	11755	11807	2	2	1	2	0	43
MIKF01000323.1	26552	26614	2	2	1	1	0	29
MIKF01000328.1	21367	21445	2	2	0	1	0	20
MIKF01000033.1	23398	23449	1	1	1	4	0	49
MIKF01000033.1	33136	33185	1	1	1	1	0	6
MIKF01000033.1	64055	64117	1	1	1	1	0	8
MIKF01000033.1	193352	193404	1	1	1	2	0	29
MIKF01000330.1	6584	6643	2	2	0	2	2	47
MIKF01000331.1	19245	19294	2	2	1	3	0	26
MIKF01000331.1	19982	20374	2	2	0	1	0	36
MIKF01000332.1	20111	20173	2	2	1	1	0	22
MIKF01000332.1	20212	20377	2	2	1	1	0	38
MIKF01000333.1	26945	27033	2	2	1	1	0	3
MIKF01000333.1	27134	27252	2	2	1	1	0	8
MIKF01000336.1	4506	4575	1	1	1	1	0	37
MIKF01000337.1	4601	4653	1	1	1	2	0	15
MIKF01000337.1	4734	4786	1	1	1	2	0	5
MIKF01000034.1	54865	55028	2	2	1	4	0	37
MIKF01000034.1	55132	55187	2	2	1	1	0	23
MIKF01000034.1	55316	55472	2	2	1	3	0	45
MIKF01000034.1	55507	55572	2	2	1	1	0	28
MIKF01000034.1	55905	56127	1	1	0	2	0	48
MIKF01000034.1	56508	56563	1	1	0	6	0	47
MIKF01000034.1	128033	128120	1	1	0	3	0	31
MIKF01000034.1	157536	157581	1	1	1	1	0	26
MIKF01000034.1	157894	157950	1	1	1	2	0	42
MIKF01000341.1	45875	45930	2	2	1	2	0	35
MIKF01000346.1	24692	24737	1	1	1	4	0	32
MIKF01000348.1	16988	17044	2	2	1	1	0	18
MIKF01000349.1	6349	6411	2	2	1	6	0	42
MIKF01000349.1	6548	6619	2	2	1	1	0	21
MIKF01000349.1	6698	6798	2	2	1	1	0	37
MIKF01000354.1	22832	22887	2	2	1	1	0	18
MIKF01000354.1	23166	23545	2	2	1	2	0	26
MIKF01000354.1	30066	30117	2	2	1	2	0	31
MIKF01000356.1	11351	11422	2	2	1	1	0	42
MIKF01000356.1	11555	11644	2	2	1	2	0	45
MIKF01000356.1	15737	15807	1	1	1	3	0	32
MIKF01000356.1	30355	30407	2	2	1	1	0	39
MIKF01000356.1	30457	30508	2	2	1	1	0	13
MIKF01000356.1	30622	30843	2	2	0	1	0	21
MIKF01000357.1	1614	1663	1	1	1	1	0	14
MIKF01000036.1	49349	49394	1	1	1	2	0	50
MIKF01000359.1	14856	15006	1	1	1	1	0	31
MIKF01000359.1	15138	15201	1	1	1	1	0	11
MIKF01000363.1	19711	19764	2	2	1	6	0	32
MIKF01000363.1	25500	25545	1	1	1	1	0	13
MIKF01000037.1	17117	17167	2	2	1	1	0	9
MIKF01000037.1	30233	30288	1	1	1	1	0	40
MIKF01000037.1	86893	86953	1	1	1	2	0	19
MIKF01000037.1	87013	87109	1	1	1	2	0	20
MIKF01000037.1	108314	108363	2	2	0	1	0	14
MIKF01000037.1	108397	108449	2	2	1	1	0	33
MIKF01000037.1	110209	110259	2	2	1	1	0	25
MIKF01000037.1	172854	172965	2	2	1	1	0	26
MIKF01000037.1	173811	173862	2	2	0	1	0	25
MIKF01000037.1	173974	174064	2	2	0	0	1	34
MIKF01000037.1	177384	177435	2	2	1	1	0	46
MIKF01000369.1	2294	2353	2	2	0	1	0	25
MIKF01000369.1	2294	2770	2	2	0	3	0	39
MIKF01000369.1	6293	6352	2	2	1	1	0	49
MIKF01000371.1	5920	5971	2	2	1	1	0	30
MIKF01000374.1	35374	35446	1	1	1	1	0	44
MIKF01000375.1	6190	6265	2	2	1	1	0	39
MIKF01000375.1	6450	6546	2	2	1	1	0	12
MIKF01000375.1	7131	7194	1	1	1	1	0	7
MIKF01000375.1	7419	7477	1	1	1	5	0	49
MIKF01000375.1	11828	12101	1	1	1	1	0	14
MIKF01000375.1	12319	12447	1	1	1	2	0	44
MIKF01000375.1	38570	38694	1	1	1	1	0	50
MIKF01000378.1	10681	10728	2	2	0	1	0	33
MIKF01000038.1	47805	47864	1	1	1	21	0	48
MIKF01000038.1	172550	172609	2	2	1	1	0	34
MIKF01000385.1	23654	24133	2	2	0	1	0	22
MIKF01000388.1	4584	4903	2	2	0	1	0	43
MIKF01000390.1	10433	10485	2	2	1	2	0	36
MIKF01000390.1	24046	24110	1	1	1	1	0	28
MIKF01000390.1	32603	32659	1	1	1	1	0	45
MIKF01000393.1	27332	27394	2	2	1	2	0	20
MIKF01000393.1	27461	27526	2	4	1	3	0	17
MIKF01000393.1	27550	27614	2	2	1	1	0	23
MIKF01000394.1	9320	9505	2	2	1	1	0	26
MIKF01000394.1	10765	10816	1	1	1	2	0	38
MIKF01000394.1	36684	36741	1	1	1	1	0	19
MIKF01000396.1	13754	13809	1	1	1	2	0	49
MIKF01000040.1	17234	17301	1	1	1	1	0	30
MIKF01000040.1	18633	18693	1	1	1	1	0	41
MIKF01000040.1	27948	28062	1	1	1	2	0	50
MIKF01000040.1	28386	28464	1	1	1	2	0	18
MIKF01000040.1	55927	55997	2	2	1	2	0	28
MIKF01000040.1	59156	59214	2	2	1	4	0	43
MIKF01000040.1	145066	145119	2	2	1	1	0	21
MIKF01000404.1	15480	15546	2	2	1	2	0	35
MIKF01000404.1	15599	15692	2	2	1	1	0	47
MIKF01000408.1	38157	38209	1	1	1	2	0	25
MIKF01000041.1	23328	23377	1	1	1	2	0	3
MIKF01000041.1	24091	24141	1	1	1	1	0	15
MIKF01000041.1	24359	24404	1	1	1	1	0	31
MIKF01000411.1	35339	35403	2	2	1	1	0	12
MIKF01000412.1	24778	24830	2	2	1	1	0	31
MIKF01000414.1	32520	32569	1	1	1	2	0	26
MIKF01000415.1	28583	28634	2	2	1	1	0	25
MIKF01000417.1	2185	2238	1	1	1	2	0	48
MIKF01000417.1	5314	6077	2	2	1	1	0	5
MIKF01000417.1	21749	21797	1	1	1	4	0	34
MIKF01000417.1	22072	22233	2	2	0	2	0	44
MIKF01000417.1	22433	22483	1	1	1	1	0	17
MIKF01000042.1	16091	16220	2	2	0	1	0	18
MIKF01000420.1	14689	14745	2	2	1	1	0	30
MIKF01000420.1	14870	15064	2	2	1	1	0	48
MIKF01000420.1	32429	32841	1	1	1	3	0	36
MIKF01000420.1	33128	33241	1	1	1	2	0	44
MIKF01000421.1	2274	2329	1	1	1	1	0	38
MIKF01000425.1	13389	13479	2	2	1	1	0	15
MIKF01000428.1	4444	4505	1	1	1	1	0	25
MIKF01000428.1	4665	4718	1	1	1	1	0	34
MIKF01000043.1	63161	63209	2	2	1	1	0	23
MIKF01000043.1	63233	63281	2	2	1	1	0	23
MIKF01000043.1	63408	63459	2	2	1	1	0	14
MIKF01000043.1	152630	152684	2	2	1	1	0	43
MIKF01000043.1	152785	152840	2	2	1	1	0	47
MIKF01000431.1	20571	20636	1	1	1	1	0	18
MIKF01000431.1	21139	21241	1	1	1	1	0	6
MIKF01000431.1	29309	29369	2	2	1	1	0	17
MIKF01000431.1	34023	34078	2	2	1	2	0	40
MIKF01000431.1	34371	34727	2	2	1	1	0	37
MIKF01000432.1	16324	16389	1	1	1	1	0	34
MIKF01000434.1	18015	18066	2	2	1	2	0	19
MIKF01000434.1	19471	19661	2	2	1	3	0	28
MIKF01000437.1	7912	7969	1	1	1	1	0	7
MIKF01000437.1	7977	8032	1	1	1	1	0	7
MIKF01000437.1	30505	30557	1	1	1	1	0	37
MIKF01000044.1	24262	24309	2	2	1	2	0	35
MIKF01000044.1	68718	68782	2	2	1	1	0	29
MIKF01000044.1	163178	163232	2	2	1	2	0	39
MIKF01000044.1	172521	172575	2	2	1	1	0	12
MIKF01000443.1	23625	23682	2	2	1	1	0	31
MIKF01000445.1	11126	11301	2	2	1	1	0	48
MIKF01000447.1	4096	4170	1	1	1	2	0	15
MIKF01000448.1	14815	14866	2	2	1	2	0	50
MIKF01000045.1	76501	76551	2	2	1	1	0	6
MIKF01000045.1	77238	77287	2	2	1	1	0	17
MIKF01000454.1	13726	14442	2	2	0	2	0	27
MIKF01000454.1	14521	14697	2	2	0	2	0	15
MIKF01000456.1	4367	4423	1	1	1	2	0	17
MIKF01000456.1	4441	4486	1	1	1	2	0	17
MIKF01000456.1	8400	8520	1	1	0	1	0	28
MIKF01000456.1	12456	12511	1	1	1	2	0	44
MIKF01000456.1	12597	12666	1	1	1	1	0	25
MIKF01000456.1	12693	12756	1	1	1	1	0	26
MIKF01000046.1	135793	135840	1	1	1	1	0	19
MIKF01000046.1	140007	140087	1	1	0	2	0	27
MIKF01000046.1	168108	168476	1	1	1	2	0	47
MIKF01000046.1	168578	168700	1	1	1	3	0	44
MIKF01000459.1	21738	21785	1	1	1	1	0	45
MIKF01000459.1	21847	21898	1	1	1	1	0	47
MIKF01000463.1	4627	4682	1	1	1	2	0	26
MIKF01000464.1	3048	3136	1	1	1	1	0	37
MIKF01000464.1	3284	3362	1	1	1	1	0	10
MIKF01000464.1	6944	6995	1	1	1	6	0	40
MIKF01000465.1	12101	12150	2	2	1	1	0	38
MIKF01000470.1	1403	1521	2	2	1	2	0	49
MIKF01000048.1	6679	6857	2	2	1	2	0	50
MIKF01000480.1	16168	16228	2	2	1	4	0	44
MIKF01000489.1	773	841	1	1	1	3	0	36
MIKF01000490.1	19628	19685	1	1	1	3	0	40
MIKF01000491.1	4518	4572	2	2	1	1	0	21
MIKF01000492.1	355	414	2	2	1	1	0	31
MIKF01000492.1	10752	10809	1	1	1	1	0	21
MIKF01000495.1	12293	12350	2	2	1	1	0	24
MIKF01000495.1	13547	13799	2	2	1	2	0	45
MIKF01000497.1	23625	23700	1	1	1	1	0	38
MIKF01000497.1	27271	27350	1	1	1	1	0	19
MIKF01000498.1	12367	12420	1	1	1	2	0	40
MIKF01000498.1	12529	13008	1	1	1	1	0	19
MIKF01000498.1	13138	13189	1	1	1	1	0	38
MIKF01000498.1	13334	13390	1	1	1	2	0	18
MIKF01000005.1	49825	49879	2	2	1	1	0	18
MIKF01000005.1	49952	50005	2	2	1	1	0	10
MIKF01000005.1	224113	224162	2	2	1	1	0	36
MIKF01000050.1	18861	18905	2	2	1	2	0	21
MIKF01000506.1	13570	13621	1	1	1	2	0	22
MIKF01000506.1	14018	14080	1	1	1	4	0	30
MIKF01000051.1	134146	134201	1	1	1	3	0	38
MIKF01000512.1	13853	13896	2	2	1	1	0	39
MIKF01000512.1	14938	14985	2	2	1	1	0	24
MIKF01000512.1	15100	15174	2	2	1	1	0	7
MIKF01000516.1	6966	7024	1	1	0	2	0	47
MIKF01000516.1	11441	11492	1	1	1	1	0	34
MIKF01000516.1	20239	20302	2	2	1	1	0	48
MIKF01000518.1	11827	11926	1	1	1	1	0	12
MIKF01000052.1	136310	136384	1	1	1	2	0	41
MIKF01000053.1	98494	98541	2	2	1	1	0	47
MIKF01000534.1	4802	4855	2	2	1	1	0	8
MIKF01000534.1	8931	8990	2	2	1	10	0	41
MIKF01000536.1	14405	14462	1	1	1	1	0	8
MIKF01000536.1	14492	14555	1	1	1	1	0	29
MIKF01000536.1	14593	14654	1	1	0	1	0	27
MIKF01000541.1	2452	2508	2	2	1	2	0	9
MIKF01000546.1	5097	5150	2	2	1	1	0	4
MIKF01000055.1	68932	68981	2	2	1	2	0	21
MIKF01000055.1	93016	93069	1	1	1	2	0	47
MIKF01000554.1	9521	9711	2	2	1	1	0	23
MIKF01000554.1	9830	9922	2	2	1	1	0	19
MIKF01000555.1	825	911	2	2	1	1	0	40
MIKF01000056.1	121612	121657	1	1	1	1	0	15
MIKF01000056.1	149894	150466	1	1	1	1	0	36
MIKF01000559.1	9336	9388	1	1	1	2	0	32
MIKF01000559.1	9421	9473	1	1	1	1	0	26
MIKF01000564.1	11603	11651	2	2	1	2	0	36
MIKF01000564.1	11737	11788	2	2	1	2	0	12
MIKF01000569.1	17383	17430	1	1	1	2	0	25
MIKF01000058.1	52131	52199	2	2	1	1	0	36
MIKF01000058.1	113969	114018	2	2	1	5	0	48
MIKF01000058.1	116209	116259	1	1	1	2	0	20
MIKF01000585.1	322	895	1	1	0	1	0	22
MIKF01000585.1	1050	1115	1	1	1	2	0	28
MIKF01000585.1	1801	1855	1	1	1	1	0	41
MIKF01000591.1	3427	3553	1	1	0	3	0	20
MIKF01000591.1	3639	3705	1	1	0	3	0	46
MIKF01000595.1	777	842	1	1	1	2	0	46
MIKF01000598.1	1431	1481	2	2	1	2	0	32
MIKF01000006.1	4972	5031	2	2	1	1	0	33
MIKF01000006.1	268043	268090	1	1	1	2	0	34
MIKF01000602.1	11889	11942	1	1	1	1	0	50
MIKF01000605.1	6656	7027	2	2	1	1	0	41
MIKF01000606.1	8859	9029	2	2	1	1	0	34
MIKF01000606.1	9139	9677	2	2	1	1	0	45
MIKF01000606.1	10089	10141	1	1	1	1	0	19
MIKF01000606.1	10215	10306	1	1	1	1	0	5
MIKF01000607.1	14361	14411	2	2	1	3	0	24
MIKF01000609.1	1124	1179	1	1	0	2	0	40
MIKF01000613.1	12663	12711	2	2	1	2	0	4
MIKF01000615.1	3362	3422	2	2	1	1	0	28
MIKF01000615.1	10546	10603	2	2	1	7	0	41
MIKF01000615.1	10741	10817	2	2	1	6	0	46
MIKF01000615.1	12404	12509	1	1	1	7	0	38
MIKF01000615.1	12648	12700	1	1	1	6	0	46
MIKF01000062.1	84658	84713	1	1	1	2	0	31
MIKF01000062.1	125060	125112	2	2	1	2	0	34
MIKF01000062.1	125157	125475	2	2	0	1	0	29
MIKF01000620.1	10416	10476	1	1	1	4	0	48
MIKF01000621.1	6888	6939	2	2	1	1	0	24
MIKF01000621.1	7198	7269	2	2	1	2	0	42
MIKF01000624.1	438	497	1	1	1	1	0	40
MIKF01000063.1	85244	85333	2	2	1	1	0	12
MIKF01000063.1	90426	90478	2	2	1	1	0	10
MIKF01000063.1	90515	90568	2	2	1	1	0	20
MIKF01000063.1	90589	90654	2	2	1	1	0	20
MIKF01000063.1	115592	115647	2	2	1	2	0	30
MIKF01000063.1	148269	148329	1	1	1	1	0	14
MIKF01000630.1	13855	13908	2	2	1	1	0	13
MIKF01000632.1	12790	12881	2	2	1	2	0	44
MIKF01000634.1	13417	13476	2	2	1	2	0	18
MIKF01000634.1	13564	13710	2	2	1	3	1	41
MIKF01000634.1	13794	13842	2	2	1	5	0	40
MIKF01000634.1	14178	14512	2	2	1	2	0	23
MIKF01000634.1	14642	14702	2	2	1	2	0	47
MIKF01000064.1	28249	28318	1	1	1	2	0	38
MIKF01000064.1	62735	62787	1	1	1	2	0	15
MIKF01000064.1	66605	66654	1	1	1	2	0	11
MIKF01000647.1	3066	3138	1	1	0	1	0	21
MIKF01000647.1	4734	4806	2	2	1	2	0	18
MIKF01000647.1	7543	7650	1	1	1	3	0	27
MIKF01000065.1	37268	37324	2	2	1	1	0	32
MIKF01000065.1	41708	41761	2	2	1	1	0	25
MIKF01000065.1	65876	66051	1	1	1	3	0	32
MIKF01000065.1	66257	66316	1	1	1	1	0	3
MIKF01000065.1	90043	90101	2	2	1	1	0	35
MIKF01000065.1	123917	124043	1	1	0	1	0	26
MIKF01000065.1	124282	124380	1	1	1	2	0	32
MIKF01000649.1	388	434	1	1	1	2	0	15
MIKF01000660.1	11143	11192	1	3	1	2	0	32
MIKF01000662.1	9681	9728	2	2	1	2	0	26
MIKF01000662.1	10226	10283	2	2	1	1	0	7
MIKF01000067.1	129455	129509	2	2	1	3	0	44
MIKF01000068.1	53288	53340	1	1	1	1	0	14
MIKF01000069.1	99777	99826	1	1	1	1	0	45
MIKF01000694.1	2260	2334	2	2	1	1	0	19
MIKF01000694.1	2606	2703	2	2	1	2	0	31
MIKF01000070.1	140519	140640	1	1	1	1	0	25
MIKF01000071.1	35686	35739	2	2	1	5	0	45
MIKF01000071.1	35790	35852	2	2	1	4	0	32
MIKF01000718.1	10937	10987	2	2	1	1	0	38
MIKF01000072.1	68408	68450	1	1	1	2	0	26
MIKF01000072.1	73336	73377	2	2	1	1	0	33
MIKF01000724.1	1368	1437	1	1	1	1	0	28
MIKF01000073.1	63229	63281	2	2	1	1	0	23
MIKF01000739.1	8409	8468	2	2	1	2	0	25
MIKF01000752.1	4838	4893	1	1	1	2	0	36
MIKF01000076.1	26718	26799	2	2	1	1	0	15
MIKF01000076.1	26923	26995	2	2	1	1	0	49
MIKF01000076.1	27292	27377	2	2	1	1	0	22
MIKF01000076.1	54122	54180	1	1	1	1	0	29
MIKF01000076.1	67158	67208	1	1	1	1	0	15
MIKF01000076.1	105814	105959	2	2	1	1	0	48
MIKF01000077.1	5239	5292	1	1	1	2	0	33
MIKF01000077.1	6242	6294	2	2	1	6	0	42
MIKF01000077.1	6588	6699	2	2	1	3	0	39
MIKF01000077.1	9085	9144	1	1	1	2	0	31
MIKF01000077.1	30120	30171	2	2	1	2	0	40
MIKF01000077.1	59135	59189	2	2	1	1	0	24
MIKF01000077.1	59895	59997	2	2	1	1	0	11
MIKF01000077.1	60078	60141	2	2	1	1	0	10
MIKF01000077.1	69779	69828	2	2	1	1	0	49
MIKF01000077.1	91419	91477	2	2	1	1	0	39
MIKF01000078.1	25409	25458	2	2	1	2	0	18
MIKF01000078.1	25477	25700	2	2	1	1	0	18
MIKF01000008.1	203147	203203	1	1	1	1	0	42
MIKF01000008.1	216441	216624	2	2	1	1	0	25
MIKF01000008.1	255635	255683	1	1	1	1	0	46
MIKF01000008.1	256685	256729	1	1	1	4	0	43
MIKF01000008.1	256964	257010	1	1	1	4	0	10
MIKF01000080.1	16044	16545	1	1	1	1	0	11
MIKF01000080.1	16760	16835	1	1	1	1	0	27
MIKF01000080.1	16898	16948	1	1	1	1	0	11
MIKF01000800.1	1307	1722	0	0	0	7	1	38
MIKF01000800.1	2387	2767	0	0	0	6	0	38
MIKF01000082.1	5713	5773	2	2	1	4	0	35
MIKF01000082.1	41084	41144	2	2	0	3	0	47
MIKF01000082.1	68687	68769	2	2	1	1	0	26
MIKF01000082.1	70099	70507	2	2	1	1	0	20
MIKF01000082.1	91921	92046	2	2	1	1	0	20
MIKF01000082.1	114968	115026	2	2	1	5	0	46
MIKF01000082.1	120242	120412	1	1	1	5	0	43
MIKF01000082.1	120520	120633	1	1	1	3	0	23
MIKF01000819.1	4274	4536	1	1	1	1	0	19
MIKF01000819.1	4615	4676	1	1	1	1	0	4
MIKF01000827.1	6865	6921	1	1	1	1	0	7
MIKF01000083.1	27068	27116	1	1	1	1	0	26
MIKF01000854.1	1940	2005	2	2	1	2	0	39
MIKF01000086.1	4210	4267	1	1	1	1	0	35
MIKF01000087.1	79545	79603	2	2	1	1	0	46
MIKF01000087.1	79868	79955	2	2	1	2	0	21
MIKF01000087.1	91203	91260	1	1	1	1	0	26
MIKF01000087.1	91533	91585	1	1	1	1	0	38
MIKF01000087.1	94481	94540	2	2	1	1	0	30
MIKF01000087.1	112072	112132	2	2	1	1	0	42
MIKF01000088.1	6449	6500	2	2	1	2	0	33
MIKF01000088.1	38824	39130	1	1	1	2	0	34
MIKF01000883.1	1670	2435	1	1	1	4	0	35
MIKF01000883.1	2471	2603	1	1	1	2	0	9
MIKF01000009.1	161863	161913	1	1	1	2	0	37
MIKF01000009.1	162312	162366	1	1	1	1	0	28
MIKF01000009.1	207125	207176	2	2	1	1	0	49
MIKF01000009.1	251365	251425	2	2	1	6	0	50
MIKF01000090.1	49036	49100	1	1	1	4	0	20
MIKF01000090.1	82658	82746	2	2	1	4	0	41
MIKF01000090.1	82887	83119	2	2	1	2	0	40
MIKF01000090.1	98348	98680	2	2	1	1	0	25
MIKF01000090.1	103370	103468	2	2	1	1	0	48
MIKF01000090.1	103985	104612	2	2	0	1	0	25
MIKF01000091.1	23996	24046	1	1	1	2	0	15
MIKF01000091.1	65277	65323	2	2	1	3	0	44
MIKF01000092.1	70243	70292	1	1	1	2	0	49
MIKF01000932.1	4202	4249	1	1	1	2	0	34
MIKF01000938.1	3749	3804	1	1	1	1	0	11
MIKF01000093.1	42464	42596	2	2	0	1	0	46
MIKF01000093.1	114266	114318	2	2	1	1	0	40
MIKF01000093.1	114503	114657	2	2	1	1	0	30
MIKF01000093.1	114688	114817	2	2	1	1	0	24
MIKF01000096.1	7233	7340	2	2	0	1	0	43
MIKF01000096.1	57027	57088	1	1	1	1	0	42
MIKF01000096.1	79707	79755	2	2	1	1	0	48
MIKF01000974.1	2623	2681	1	1	1	2	0	19
MIKF01000097.1	54756	54810	1	1	1	2	0	16
MIKF01000097.1	58181	58243	2	2	1	1	0	41
MIKF01000097.1	58295	58414	2	2	1	1	0	9
MIKF01000098.1	54555	54827	2	2	1	4	0	18
MIKF01000098.1	54846	54905	2	2	1	4	0	18
MIKF01000306.1	41883	43876	1	1	0	2	0	22
